Date,County,State,Vehicle Primary Use,Battery Electric Vehicles (BEVs),Plug-In Hybrid Electric Vehicles (PHEVs),Electric Vehicle (EV) Total,Non-Electric Vehicle Total,Total Vehicles,Percent Electric Vehicles
July 31 2022,Stevens,WA,Passenger,73,54,127,29979,30106,0.42
December 31 2023,Snohomish,WA,Truck,281,0,281,120493,120774,0.23
May 31 2022,Cowlitz,WA,Passenger,322,175,497,70610,71107,0.7
March 31 2023,Skamania,WA,Truck,1,0,1,3855,3856,0.03
September 30 2023,Grays Harbor,WA,Passenger,339,206,545,48089,48634,1.12
February 28 2023,Mason,WA,Truck,9,0,9,20845,20854,0.04
April 30 2022,Cowlitz,WA,Passenger,314,172,486,70823,71309,0.68
October 31 2023,Clark,WA,Truck,122,0,122,81033,81155,0.15
May 31 2023,Lincoln,WA,Truck,0,0,0,4843,4843,0
September 30 2023,Grant,WA,Passenger,328,149,477,67293,67770,0.7
September 30 2022,Yakima,WA,Truck,3,0,3,61345,61348,0
March 31 2022,Adams,WA,Passenger,16,11,27,12957,12984,0.21
October 31 2022,Adams,WA,Passenger,22,12,34,12999,13033,0.26
January 31 2023,Ferry,WA,Passenger,24,4,28,4334,4362,0.64
January 31 2022,Okanogan,WA,Truck,0,0,0,16674,16674,0
March 31 2023,Whatcom,WA,Passenger,2282,837,3119,147517,150636,2.07
March 31 2022,Okanogan,WA,Truck,0,0,0,16677,16677,0
July 31 2023,Skagit,WA,Truck,23,0,23,31824,31847,0.07
May 31 2023,Pend Oreille,WA,Truck,0,0,0,5614,5614,0
February 28 2023,Snohomish,WA,Passenger,10916,2836,13752,529009,542761,2.53
March 31 2022,Skamania,WA,Passenger,65,45,110,8250,8360,1.32
February 28 2022,Douglas,WA,Passenger,122,55,177,28542,28719,0.62
February 28 2023,Wahkiakum,WA,Passenger,25,15,40,3043,3083,1.3
June 30 2022,Spokane,WA,Passenger,1597,845,2442,324654,327096,0.75
January 31 2022,Jefferson,WA,Truck,0,0,0,9569,9569,0
November 30 2022,Thurston,WA,Passenger,2549,1112,3661,191824,195485,1.87
May 31 2023,Snohomish,WA,Truck,161,0,161,121519,121680,0.13
December 31 2022,Okanogan,WA,Passenger,96,52,148,26137,26285,0.56
March 31 2022,Stevens,WA,Passenger,61,50,111,30021,30132,0.37
September 30 2023,Pend Oreille,WA,Truck,0,0,0,5598,5598,0
October 31 2022,Clallam,WA,Passenger,457,256,713,49386,50099,1.42
October 31 2023,Yakima,WA,Passenger,597,285,882,166214,167096,0.53
July 31 2023,Cowlitz,WA,Passenger,486,223,709,69765,70474,1.01
April 30 2022,Walla Walla,WA,Truck,0,0,0,14011,14011,0
October 31 2022,Wahkiakum,WA,Passenger,24,12,36,3063,3099,1.16
November 30 2022,Columbia,WA,Passenger,8,1,9,2426,2435,0.37
March 31 2022,Clallam,WA,Passenger,403,240,643,49930,50573,1.27
April 30 2023,Snohomish,WA,Truck,144,0,144,121644,121788,0.12
April 30 2023,Adams,WA,Passenger,23,12,35,13021,13056,0.27
April 30 2022,Grays Harbor,WA,Truck,0,0,0,21331,21331,0
January 31 2023,Pacific,WA,Truck,2,0,2,7807,7809,0.03
June 30 2022,Snohomish,WA,Passenger,8355,2524,10879,532238,543117,2
October 31 2023,Whitman,WA,Passenger,184,93,277,21933,22210,1.25
March 31 2023,Yakima,WA,Truck,9,0,9,61121,61130,0.01
February 28 2022,Pacific,WA,Truck,0,0,0,7996,7996,0
October 31 2022,Chelan,WA,Passenger,507,139,646,54108,54754,1.18
October 31 2022,Thurston,WA,Passenger,2464,1106,3570,191988,195558,1.83
June 30 2022,Grant,WA,Truck,0,0,0,27999,27999,0
August 31 2022,Skagit,WA,Passenger,855,348,1203,89632,90835,1.32
January 31 2022,Clark,WA,Passenger,3541,1568,5109,319080,324189,1.58
December 31 2022,Garfield,WA,Truck,0,0,0,971,971,0
February 28 2023,Pierce,WA,Passenger,6578,2575,9153,534439,543592,1.68
December 31 2023,San Juan,WA,Passenger,686,196,882,13669,14551,6.06
March 31 2023,San Juan,WA,Truck,10,0,10,5911,5921,0.17
April 30 2022,Mason,WA,Truck,0,0,0,21093,21093,0
February 28 2023,Jefferson,WA,Truck,9,0,9,9327,9336,0.1
December 31 2023,Grays Harbor,WA,Passenger,375,222,597,48015,48612,1.23
January 31 2023,Stevens,WA,Truck,2,0,2,18709,18711,0.01
December 31 2022,Jefferson,WA,Passenger,482,231,713,24265,24978,2.85
April 30 2023,Stevens,WA,Truck,1,0,1,18715,18716,0.01
July 31 2022,San Juan,WA,Passenger,521,160,681,14004,14685,4.64
July 31 2022,Kittitas,WA,Truck,1,0,1,14610,14611,0.01
November 30 2023,Pierce,WA,Passenger,9173,3128,12301,525995,538296,2.29
July 31 2022,Ferry,WA,Passenger,21,4,25,4370,4395,0.57
September 30 2023,Chelan,WA,Truck,34,0,34,23182,23216,0.15
July 31 2023,Island,WA,Truck,32,0,32,20955,20987,0.15
May 31 2022,Lincoln,WA,Passenger,8,18,26,7681,7707,0.34
July 31 2023,Pierce,WA,Passenger,7873,2833,10706,528373,539079,1.99
July 31 2022,Skamania,WA,Passenger,76,47,123,8133,8256,1.49
August 31 2023,Franklin,WA,Passenger,357,149,506,62022,62528,0.81
January 31 2022,Grant,WA,Passenger,140,100,240,66751,66991,0.36
May 31 2022,Benton,WA,Passenger,727,454,1181,135065,136246,0.87
November 30 2022,Chelan,WA,Passenger,524,141,665,54183,54848,1.21
August 31 2022,Mason,WA,Passenger,328,174,502,46933,47435,1.06
June 30 2022,Okanogan,WA,Passenger,81,50,131,26348,26479,0.49
March 31 2023,Stevens,WA,Passenger,102,59,161,29737,29898,0.54
September 30 2023,Snohomish,WA,Truck,206,0,206,120980,121186,0.17
March 31 2022,Mason,WA,Truck,0,0,0,21131,21131,0
January 31 2023,Kittitas,WA,Passenger,309,94,403,29502,29905,1.35
December 31 2022,Kitsap,WA,Truck,33,0,33,52800,52833,0.06
November 30 2023,Asotin,WA,Passenger,40,24,64,12278,12342,0.52
October 31 2022,Grant,WA,Passenger,211,108,319,66597,66916,0.48
November 30 2022,Kittitas,WA,Passenger,294,93,387,29518,29905,1.29
February 28 2022,San Juan,WA,Passenger,485,152,637,14166,14803,4.3
July 31 2022,Whitman,WA,Passenger,88,60,148,21886,22034,0.67
March 31 2022,Lincoln,WA,Passenger,7,18,25,7658,7683,0.33
September 30 2022,Klickitat,WA,Passenger,108,53,161,15098,15259,1.06
September 30 2022,Wahkiakum,WA,Truck,1,0,1,1799,1800,0.06
May 31 2023,Grays Harbor,WA,Truck,6,0,6,20943,20949,0.03
November 30 2023,Pend Oreille,WA,Truck,2,0,2,5589,5591,0.04
January 31 2023,Skamania,WA,Truck,1,0,1,3879,3880,0.03
October 31 2023,Snohomish,WA,Truck,216,0,216,120679,120895,0.18
February 28 2022,Clark,WA,Truck,2,0,2,83673,83675,0
May 31 2023,Kitsap,WA,Passenger,3134,1252,4386,175478,179864,2.44
January 31 2023,Chelan,WA,Passenger,555,146,701,54264,54965,1.28
February 28 2022,Pend Oreille,WA,Truck,0,0,0,5706,5706,0
May 31 2022,Whatcom,WA,Truck,5,0,5,43329,43334,0.01
November 30 2022,Lewis,WA,Passenger,258,181,439,59865,60304,0.73
May 31 2022,Whitman,WA,Truck,0,0,0,8552,8552,0
May 31 2023,Adams,WA,Passenger,24,12,36,13046,13082,0.28
December 31 2023,Garfield,WA,Passenger,0,3,3,1294,1297,0.23
April 30 2023,Chelan,WA,Truck,26,0,26,23122,23148,0.11
April 30 2023,Whatcom,WA,Passenger,2340,859,3199,147589,150788,2.12
January 31 2023,Clark,WA,Passenger,5072,2069,7141,314132,321273,2.22
July 31 2022,Pierce,WA,Truck,20,0,20,140977,140997,0.01
June 30 2022,Chelan,WA,Truck,3,0,3,23042,23045,0.01
May 31 2023,Lewis,WA,Passenger,310,208,518,59042,59560,0.87
February 28 2022,Klickitat,WA,Passenger,92,53,145,15283,15428,0.94
March 31 2022,Skamania,WA,Truck,0,0,0,3967,3967,0
November 30 2023,Thurston,WA,Truck,81,0,81,53515,53596,0.15
June 30 2022,Columbia,WA,Truck,0,0,0,1577,1577,0
March 31 2023,Pend Oreille,WA,Truck,0,0,0,5581,5581,0
May 31 2023,Kitsap,WA,Truck,69,0,69,52321,52390,0.13
January 31 2023,Cowlitz,WA,Truck,7,0,7,28313,28320,0.02
November 30 2023,Kitsap,WA,Passenger,3828,1472,5300,175087,180387,2.94
March 31 2022,Mason,WA,Passenger,284,168,452,47578,48030,0.94
July 31 2023,Kittitas,WA,Truck,10,0,10,14601,14611,0.07
November 30 2023,Pend Oreille,WA,Passenger,33,20,53,8762,8815,0.6
May 31 2022,Skamania,WA,Passenger,70,45,115,8181,8296,1.39
May 31 2022,Grays Harbor,WA,Truck,0,0,0,21287,21287,0
July 31 2023,Pierce,WA,Truck,167,0,167,136461,136628,0.12
February 28 2022,Kittitas,WA,Passenger,217,73,290,29755,30045,0.97
January 31 2022,Grays Harbor,WA,Passenger,197,158,355,49301,49656,0.71
May 31 2023,King,WA,Truck,685,2,687,175657,176344,0.39
September 30 2023,Island,WA,Truck,33,0,33,20885,20918,0.16
June 30 2022,Spokane,WA,Truck,1,0,1,102080,102081,0
September 30 2023,Ferry,WA,Passenger,23,4,27,4311,4338,0.62
July 31 2022,Grant,WA,Passenger,183,100,283,66569,66852,0.42
February 28 2022,Lincoln,WA,Truck,0,0,0,4837,4837,0
December 31 2022,Franklin,WA,Truck,4,0,4,20943,20947,0.02
July 31 2022,Clallam,WA,Truck,3,0,3,21867,21870,0.01
May 31 2023,Stevens,WA,Passenger,110,63,173,29647,29820,0.58
August 31 2023,King,WA,Truck,830,2,832,174479,175311,0.47
May 31 2023,Chelan,WA,Passenger,620,158,778,54185,54963,1.42
November 30 2023,Klickitat,WA,Truck,13,0,13,8214,8227,0.16
September 30 2023,Whatcom,WA,Truck,67,0,67,42564,42631,0.16
April 30 2022,Spokane,WA,Passenger,1506,807,2313,325066,327379,0.71
July 31 2022,Jefferson,WA,Passenger,443,220,663,24506,25169,2.63
May 31 2023,Ferry,WA,Truck,0,0,0,3563,3563,0
August 31 2022,Grant,WA,Passenger,198,106,304,66645,66949,0.45
November 30 2023,Yakima,WA,Passenger,618,292,910,166388,167298,0.54
June 30 2022,Walla Walla,WA,Truck,0,0,0,13926,13926,0
October 31 2023,Franklin,WA,Passenger,371,153,524,62181,62705,0.84
April 30 2023,Kitsap,WA,Truck,63,0,63,52378,52441,0.12
May 31 2023,Ferry,WA,Passenger,20,4,24,4311,4335,0.55
September 30 2022,Stevens,WA,Passenger,82,56,138,29978,30116,0.46
September 30 2023,Columbia,WA,Truck,0,0,0,1545,1545,0
December 31 2022,Kittitas,WA,Passenger,298,93,391,29501,29892,1.31
October 31 2022,San Juan,WA,Passenger,548,165,713,13959,14672,4.86
November 30 2023,King,WA,Truck,962,2,964,173145,174109,0.55
March 31 2022,Franklin,WA,Passenger,179,106,285,62008,62293,0.46
September 30 2022,Garfield,WA,Passenger,1,3,4,1310,1314,0.3
November 30 2022,Asotin,WA,Truck,0,0,0,6664,6664,0
May 31 2023,Columbia,WA,Truck,0,0,0,1550,1550,0
September 30 2023,Pacific,WA,Truck,5,0,5,7812,7817,0.06
December 31 2023,Grant,WA,Passenger,369,164,533,67446,67979,0.78
June 30 2023,Benton,WA,Passenger,1143,570,1713,135261,136974,1.25
September 30 2022,Kitsap,WA,Passenger,2566,1110,3676,177133,180809,2.03
April 30 2023,Ferry,WA,Passenger,19,4,23,4336,4359,0.53
April 30 2022,Klickitat,WA,Passenger,99,55,154,15218,15372,1
April 30 2022,Jefferson,WA,Passenger,415,211,626,24697,25323,2.47
April 30 2023,Pacific,WA,Passenger,74,90,164,15585,15749,1.04
August 31 2022,Lincoln,WA,Passenger,9,16,25,7682,7707,0.32
May 31 2022,San Juan,WA,Truck,1,0,1,5975,5976,0.02
February 28 2023,Kittitas,WA,Truck,6,0,6,14560,14566,0.04
October 31 2023,Grant,WA,Passenger,347,153,500,67289,67789,0.74
October 31 2023,Benton,WA,Passenger,1315,635,1950,135252,137202,1.42
August 31 2022,King,WA,Passenger,42884,11626,54510,1342287,1396797,3.9
March 31 2022,Whitman,WA,Passenger,79,54,133,21987,22120,0.6
December 31 2022,Whatcom,WA,Truck,26,0,26,43020,43046,0.06
May 31 2023,Pierce,WA,Passenger,7402,2708,10110,530307,540417,1.87
December 31 2022,King,WA,Truck,386,2,388,178095,178483,0.22
November 30 2023,Grays Harbor,WA,Passenger,361,224,585,48092,48677,1.2
July 31 2023,Klickitat,WA,Passenger,156,65,221,15109,15330,1.44
May 31 2022,Clark,WA,Truck,5,0,5,82825,82830,0.01
October 31 2023,Skamania,WA,Truck,1,0,1,3814,3815,0.03
November 30 2023,Klickitat,WA,Passenger,178,70,248,15081,15329,1.62
December 31 2022,Adams,WA,Truck,1,0,1,5389,5390,0.02
April 30 2022,Spokane,WA,Truck,0,0,0,102266,102266,0
March 31 2022,Benton,WA,Truck,1,0,1,43582,43583,0
June 30 2023,Chelan,WA,Passenger,641,163,804,54207,55011,1.46
April 30 2022,San Juan,WA,Passenger,494,155,649,14110,14759,4.4
August 31 2022,Stevens,WA,Passenger,77,56,133,29951,30084,0.44
July 31 2023,Kitsap,WA,Passenger,3321,1318,4639,175275,179914,2.58
December 31 2022,Snohomish,WA,Truck,91,0,91,122381,122472,0.07
January 31 2023,Columbia,WA,Truck,0,0,0,1569,1569,0
December 31 2022,Asotin,WA,Passenger,29,20,49,12422,12471,0.39
June 30 2022,Pacific,WA,Truck,0,0,0,7903,7903,0
October 31 2022,Stevens,WA,Truck,2,0,2,18848,18850,0.01
March 31 2023,Columbia,WA,Truck,0,0,0,1566,1566,0
June 30 2022,Asotin,WA,Truck,0,0,0,6708,6708,0
January 31 2023,Jefferson,WA,Passenger,496,237,733,24261,24994,2.93
July 31 2023,Douglas,WA,Truck,6,0,6,13034,13040,0.05
May 31 2023,Columbia,WA,Passenger,9,1,10,2409,2419,0.41
November 30 2023,Clallam,WA,Truck,26,0,26,21587,21613,0.12
August 31 2022,Whitman,WA,Truck,2,0,2,8552,8554,0.02
October 31 2022,Island,WA,Passenger,895,387,1282,61265,62547,2.05
November 30 2022,Columbia,WA,Truck,0,0,0,1583,1583,0
July 31 2023,Mason,WA,Truck,13,0,13,20596,20609,0.06
August 31 2022,Clark,WA,Truck,17,0,17,82282,82299,0.02
March 31 2023,Skamania,WA,Passenger,96,53,149,8105,8254,1.81
October 31 2023,Grant,WA,Truck,12,0,12,28073,28085,0.04
January 31 2022,Asotin,WA,Truck,0,0,0,6726,6726,0
August 31 2023,Columbia,WA,Passenger,12,1,13,2427,2440,0.53
September 30 2023,Jefferson,WA,Truck,12,0,12,9280,9292,0.13
May 31 2023,Wahkiakum,WA,Passenger,25,17,42,3029,3071,1.37
September 30 2022,Thurston,WA,Passenger,2377,1098,3475,192160,195635,1.78
July 31 2023,Yakima,WA,Truck,13,0,13,61003,61016,0.02
January 31 2022,Yakima,WA,Passenger,294,177,471,168155,168626,0.28
February 28 2022,Chelan,WA,Truck,0,0,0,23050,23050,0
April 30 2023,Mason,WA,Passenger,416,203,619,46284,46903,1.32
July 31 2022,Cowlitz,WA,Truck,2,0,2,28449,28451,0.01
June 30 2022,Thurston,WA,Passenger,2177,1052,3229,193744,196973,1.64
June 30 2023,Kittitas,WA,Passenger,355,106,461,29332,29793,1.55
May 31 2022,Kitsap,WA,Passenger,2352,1031,3383,178090,181473,1.86
April 30 2023,Island,WA,Passenger,1008,421,1429,60950,62379,2.29
January 31 2023,Benton,WA,Passenger,958,510,1468,135677,137145,1.07
March 31 2022,Adams,WA,Truck,0,0,0,5488,5488,0
February 28 2023,Pend Oreille,WA,Passenger,26,13,39,8904,8943,0.44
March 31 2022,Thurston,WA,Truck,3,0,3,55616,55619,0.01
February 28 2023,Wahkiakum,WA,Truck,1,0,1,1792,1793,0.06
December 31 2022,Ferry,WA,Truck,0,0,0,3549,3549,0
April 30 2022,Yakima,WA,Truck,0,0,0,61498,61498,0
July 31 2023,Adams,WA,Truck,3,0,3,5346,5349,0.06
April 30 2023,Clark,WA,Truck,82,0,82,81326,81408,0.1
January 31 2023,Lincoln,WA,Passenger,14,19,33,7750,7783,0.42
October 31 2022,Douglas,WA,Truck,2,0,2,12805,12807,0.02
February 28 2023,Walla Walla,WA,Passenger,206,107,313,35626,35939,0.87
April 30 2023,Whitman,WA,Truck,4,0,4,8579,8583,0.05
May 31 2022,Franklin,WA,Passenger,181,110,291,61948,62239,0.47
September 30 2022,Garfield,WA,Truck,0,0,0,966,966,0
December 31 2022,Walla Walla,WA,Passenger,201,105,306,35631,35937,0.85
July 31 2023,Thurston,WA,Truck,64,0,64,53774,53838,0.12
April 30 2023,Adams,WA,Truck,2,0,2,5334,5336,0.04
May 31 2022,Pend Oreille,WA,Truck,0,0,0,5617,5617,0
January 31 2022,Garfield,WA,Passenger,0,3,3,1350,1353,0.22
December 31 2023,Whitman,WA,Passenger,199,99,298,21916,22214,1.34
April 30 2023,Lewis,WA,Passenger,302,199,501,58824,59325,0.84
October 31 2022,Skamania,WA,Passenger,85,51,136,8075,8211,1.66
June 30 2023,Kittitas,WA,Truck,8,0,8,14593,14601,0.05
December 31 2023,Grays Harbor,WA,Truck,14,0,14,20831,20845,0.07
September 30 2022,Whitman,WA,Truck,2,0,2,8570,8572,0.02
January 31 2023,Lincoln,WA,Truck,0,0,0,4837,4837,0
May 31 2022,Klickitat,WA,Truck,1,0,1,8284,8285,0.01
May 31 2023,Clark,WA,Truck,90,0,90,81368,81458,0.11
June 30 2022,Pend Oreille,WA,Passenger,17,11,28,9033,9061,0.31
February 28 2023,Chelan,WA,Truck,19,0,19,23122,23141,0.08
November 30 2023,Thurston,WA,Passenger,3680,1368,5048,189460,194508,2.6
February 28 2023,Skamania,WA,Truck,1,0,1,3870,3871,0.03
January 31 2022,Pierce,WA,Passenger,4361,2146,6507,552992,559499,1.16
October 31 2023,Franklin,WA,Truck,7,0,7,20927,20934,0.03
October 31 2023,Lincoln,WA,Truck,0,0,0,4808,4808,0
March 31 2022,Garfield,WA,Passenger,0,3,3,1326,1329,0.23
December 31 2023,Okanogan,WA,Passenger,160,76,236,26089,26325,0.9
June 30 2023,King,WA,Truck,725,2,727,175342,176069,0.41
June 30 2022,Pend Oreille,WA,Truck,0,0,0,5659,5659,0
May 31 2023,Franklin,WA,Truck,4,0,4,20838,20842,0.02
January 31 2022,Pierce,WA,Truck,0,0,0,144240,144240,0
August 31 2023,Whitman,WA,Passenger,170,81,251,21925,22176,1.13
January 31 2022,Douglas,WA,Truck,0,0,0,12671,12671,0
November 30 2022,Skamania,WA,Passenger,89,51,140,8090,8230,1.7
April 30 2023,Whitman,WA,Passenger,137,72,209,21906,22115,0.95
April 30 2023,Skagit,WA,Truck,18,0,18,31935,31953,0.06
October 31 2023,Clallam,WA,Truck,23,0,23,21631,21654,0.11
March 31 2022,Pierce,WA,Passenger,4623,2227,6850,548948,555798,1.23
November 30 2022,Skagit,WA,Truck,8,0,8,32146,32154,0.02
February 28 2022,Grays Harbor,WA,Passenger,202,157,359,49274,49633,0.72
August 31 2022,Mason,WA,Truck,4,0,4,20935,20939,0.02
September 30 2022,Ferry,WA,Passenger,22,4,26,4390,4416,0.59
October 31 2023,Yakima,WA,Truck,15,0,15,60821,60836,0.02
April 30 2022,Adams,WA,Passenger,16,10,26,12954,12980,0.2
January 31 2023,Jefferson,WA,Truck,6,0,6,9357,9363,0.06
May 31 2022,Kitsap,WA,Truck,3,0,3,53573,53576,0.01
May 31 2023,Whatcom,WA,Truck,57,0,57,42702,42759,0.13
June 30 2022,Benton,WA,Passenger,749,460,1209,135145,136354,0.89
October 31 2022,Cowlitz,WA,Passenger,382,184,566,70159,70725,0.8
November 30 2022,Mason,WA,Passenger,357,187,544,46856,47400,1.15
July 31 2022,Thurston,WA,Truck,8,0,8,55198,55206,0.01
May 31 2022,Whatcom,WA,Passenger,1800,727,2527,148687,151214,1.67
October 31 2023,Island,WA,Passenger,1235,458,1693,60817,62510,2.71
April 30 2022,Pacific,WA,Passenger,60,68,128,15909,16037,0.8
December 31 2022,Chelan,WA,Truck,13,0,13,23071,23084,0.06
June 30 2022,Skagit,WA,Passenger,780,337,1117,89977,91094,1.23
July 31 2022,Snohomish,WA,Passenger,8654,2561,11215,530758,541973,2.07
April 30 2023,Yakima,WA,Truck,11,0,11,61097,61108,0.02
May 31 2022,Stevens,WA,Truck,0,0,0,18926,18926,0
April 30 2022,Skagit,WA,Truck,1,0,1,32446,32447,0
August 31 2023,Whitman,WA,Truck,5,0,5,8657,8662,0.06
December 31 2022,Walla Walla,WA,Truck,3,0,3,13860,13863,0.02
August 31 2022,San Juan,WA,Truck,5,0,5,5948,5953,0.08
July 31 2022,Chelan,WA,Passenger,477,125,602,54172,54774,1.1
March 31 2023,Chelan,WA,Passenger,580,150,730,54164,54894,1.33
March 31 2022,Stevens,WA,Truck,0,0,0,18972,18972,0
April 30 2022,Ferry,WA,Truck,0,0,0,3564,3564,0
April 30 2023,Skagit,WA,Passenger,1051,388,1439,88858,90297,1.59
March 31 2023,Adams,WA,Passenger,22,11,33,13015,13048,0.25
April 30 2023,Benton,WA,Truck,19,0,19,43222,43241,0.04
December 31 2023,Mason,WA,Passenger,552,227,779,46184,46963,1.66
March 31 2022,Wahkiakum,WA,Truck,0,0,0,1812,1812,0
September 30 2022,Whatcom,WA,Passenger,1950,768,2718,148526,151244,1.8
October 31 2022,Ferry,WA,Truck,0,0,0,3588,3588,0
August 31 2023,Klickitat,WA,Truck,11,0,11,8220,8231,0.13
November 30 2023,Island,WA,Passenger,1272,466,1738,60858,62596,2.78
March 31 2023,Whitman,WA,Truck,4,0,4,8593,8597,0.05
September 30 2023,Lewis,WA,Truck,8,0,8,25821,25829,0.03
February 28 2023,Thurston,WA,Passenger,2763,1149,3912,190841,194753,2.01
December 31 2023,Walla Walla,WA,Truck,10,0,10,13702,13712,0.07
January 31 2023,Garfield,WA,Truck,0,0,0,970,970,0
July 31 2022,Okanogan,WA,Passenger,86,49,135,26255,26390,0.51
February 28 2023,King,WA,Truck,496,2,498,177158,177656,0.28
February 28 2023,Whatcom,WA,Truck,44,0,44,42874,42918,0.1
February 28 2022,Adams,WA,Passenger,17,14,31,12994,13025,0.24
December 31 2023,Douglas,WA,Passenger,248,81,329,28811,29140,1.13
March 31 2023,Spokane,WA,Truck,29,0,29,101657,101686,0.03
August 31 2023,Jefferson,WA,Passenger,594,265,859,24203,25062,3.43
January 31 2023,Island,WA,Truck,19,0,19,21089,21108,0.09
December 31 2023,Yakima,WA,Passenger,648,299,947,166728,167675,0.56
November 30 2023,Snohomish,WA,Passenger,15564,3502,19066,526764,545830,3.49
March 31 2023,Ferry,WA,Passenger,19,4,23,4332,4355,0.53
July 31 2023,Clark,WA,Truck,102,0,102,81298,81400,0.13
October 31 2022,Lincoln,WA,Passenger,12,17,29,7717,7746,0.37
June 30 2023,Okanogan,WA,Passenger,122,64,186,26173,26359,0.71
February 28 2022,Pacific,WA,Passenger,58,65,123,16004,16127,0.76
December 31 2023,Klickitat,WA,Truck,14,0,14,8192,8206,0.17
September 30 2023,Chelan,WA,Passenger,691,183,874,54138,55012,1.59
February 28 2022,Skagit,WA,Passenger,717,316,1033,90534,91567,1.13
May 31 2022,Asotin,WA,Truck,0,0,0,6698,6698,0
August 31 2022,Douglas,WA,Passenger,142,60,202,28359,28561,0.71
May 31 2023,Pacific,WA,Truck,3,0,3,7834,7837,0.04
June 30 2023,Wahkiakum,WA,Passenger,26,17,43,3030,3073,1.4
March 31 2023,Clallam,WA,Truck,17,0,17,21746,21763,0.08
November 30 2023,Whatcom,WA,Passenger,2900,1027,3927,147758,151685,2.59
May 31 2023,Douglas,WA,Truck,7,0,7,12959,12966,0.05
November 30 2023,Pierce,WA,Truck,224,0,224,134988,135212,0.17
September 30 2023,Stevens,WA,Truck,2,0,2,18669,18671,0.01
September 30 2023,San Juan,WA,Truck,17,0,17,5917,5934,0.29
April 30 2022,Okanogan,WA,Passenger,77,48,125,26430,26555,0.47
December 31 2023,Stevens,WA,Passenger,139,74,213,29513,29726,0.72
July 31 2022,Walla Walla,WA,Truck,1,0,1,13909,13910,0.01
May 31 2023,Adams,WA,Truck,2,0,2,5336,5338,0.04
October 31 2023,Pierce,WA,Passenger,8932,3069,12001,526550,538551,2.23
October 31 2022,Clark,WA,Truck,31,0,31,82015,82046,0.04
November 30 2023,Clark,WA,Truck,134,0,134,80972,81106,0.17
March 31 2023,Kitsap,WA,Passenger,2960,1199,4159,175859,180018,2.31
July 31 2022,Lewis,WA,Passenger,244,179,423,59586,60009,0.7
February 28 2023,Lewis,WA,Truck,4,0,4,26171,26175,0.02
January 31 2022,Ferry,WA,Passenger,14,3,17,4432,4449,0.38
November 30 2022,Franklin,WA,Passenger,246,117,363,61681,62044,0.59
November 30 2022,Douglas,WA,Passenger,162,58,220,28468,28688,0.77
March 31 2023,Clallam,WA,Passenger,508,276,784,49183,49967,1.57
July 31 2022,Benton,WA,Passenger,778,461,1239,135093,136332,0.91
September 30 2022,King,WA,Passenger,43433,11773,55206,1341083,1396289,3.95
March 31 2023,Island,WA,Truck,23,0,23,20988,21011,0.11
February 28 2023,Lincoln,WA,Truck,0,0,0,4833,4833,0
September 30 2022,Cowlitz,WA,Truck,3,0,3,28424,28427,0.01
November 30 2022,Spokane,WA,Truck,18,0,18,101697,101715,0.02
April 30 2022,Asotin,WA,Passenger,24,19,43,12675,12718,0.34
October 31 2022,Snohomish,WA,Truck,76,0,76,122743,122819,0.06
March 31 2022,Chelan,WA,Truck,0,0,0,23021,23021,0
September 30 2023,Garfield,WA,Passenger,0,3,3,1292,1295,0.23
August 31 2022,Chelan,WA,Passenger,486,134,620,54112,54732,1.13
December 31 2023,Klickitat,WA,Passenger,181,76,257,15052,15309,1.68
June 30 2022,Lewis,WA,Passenger,233,179,412,59649,60061,0.69
November 30 2023,Stevens,WA,Truck,2,0,2,18658,18660,0.01
September 30 2022,Grant,WA,Truck,2,0,2,27980,27982,0.01
September 30 2023,Stevens,WA,Passenger,125,69,194,29492,29686,0.65
December 31 2022,Spokane,WA,Truck,19,0,19,101651,101670,0.02
April 30 2022,Columbia,WA,Passenger,7,0,7,2442,2449,0.29
February 28 2022,Benton,WA,Truck,0,0,0,43614,43614,0
August 31 2022,Douglas,WA,Truck,1,0,1,12753,12754,0.01
January 31 2022,Okanogan,WA,Passenger,69,47,116,26498,26614,0.44
February 28 2022,Spokane,WA,Passenger,1388,782,2170,325641,327811,0.66
January 31 2023,Wahkiakum,WA,Truck,1,0,1,1792,1793,0.06
January 31 2022,Columbia,WA,Passenger,6,2,8,2448,2456,0.33
September 30 2022,Clark,WA,Passenger,4473,1883,6356,314933,321289,1.98
November 30 2023,Skamania,WA,Passenger,136,53,189,8031,8220,2.3
September 30 2023,Lincoln,WA,Passenger,21,22,43,7584,7627,0.56
March 31 2023,Kitsap,WA,Truck,57,0,57,52539,52596,0.11
September 30 2022,Cowlitz,WA,Passenger,367,180,547,70244,70791,0.77
June 30 2022,Mason,WA,Passenger,309,174,483,47270,47753,1.01
September 30 2022,Island,WA,Passenger,871,380,1251,61346,62597,2
May 31 2023,Grays Harbor,WA,Passenger,291,182,473,48289,48762,0.97
October 31 2023,Walla Walla,WA,Truck,7,0,7,13709,13716,0.05
October 31 2023,Whitman,WA,Truck,5,0,5,8655,8660,0.06
April 30 2023,Walla Walla,WA,Truck,5,0,5,13732,13737,0.04
January 31 2022,Ferry,WA,Truck,0,0,0,3579,3579,0
August 31 2023,Grays Harbor,WA,Passenger,332,201,533,48112,48645,1.1
August 31 2022,Garfield,WA,Passenger,1,3,4,1309,1313,0.3
February 28 2022,Walla Walla,WA,Truck,0,0,0,14066,14066,0
January 31 2022,Clallam,WA,Passenger,392,241,633,50195,50828,1.25
July 31 2023,Clark,WA,Passenger,6054,2374,8428,313137,321565,2.62
June 30 2023,Lincoln,WA,Passenger,17,19,36,7646,7682,0.47
December 31 2023,Whatcom,WA,Truck,87,0,87,42506,42593,0.2
March 31 2023,Garfield,WA,Truck,0,0,0,974,974,0
March 31 2023,Benton,WA,Passenger,1038,533,1571,135483,137054,1.15
September 30 2023,Walla Walla,WA,Passenger,246,122,368,35409,35777,1.03
June 30 2022,Clallam,WA,Truck,3,0,3,21910,21913,0.01
February 28 2022,Whatcom,WA,Passenger,1691,684,2375,149132,151507,1.57
July 31 2023,Skagit,WA,Passenger,1149,421,1570,88643,90213,1.74
September 30 2022,Lincoln,WA,Passenger,10,16,26,7708,7734,0.34
February 28 2023,Mason,WA,Passenger,392,196,588,46575,47163,1.25
November 30 2023,Lewis,WA,Truck,10,0,10,25722,25732,0.04
February 28 2022,Pend Oreille,WA,Passenger,17,9,26,9061,9087,0.29
October 31 2022,Klickitat,WA,Passenger,113,51,164,15057,15221,1.08
June 30 2023,Stevens,WA,Truck,1,0,1,18699,18700,0.01
March 31 2023,Walla Walla,WA,Passenger,209,111,320,35479,35799,0.89
January 31 2023,Island,WA,Passenger,952,399,1351,61121,62472,2.16
April 30 2023,Franklin,WA,Passenger,299,133,432,61881,62313,0.69
June 30 2023,Grays Harbor,WA,Truck,7,0,7,20950,20957,0.03
August 31 2023,Asotin,WA,Truck,0,0,0,6630,6630,0
January 31 2023,Kitsap,WA,Truck,40,0,40,52783,52823,0.08
April 30 2023,Benton,WA,Passenger,1088,548,1636,135385,137021,1.19
May 31 2023,Skamania,WA,Truck,1,0,1,3844,3845,0.03
April 30 2023,Pacific,WA,Truck,3,0,3,7810,7813,0.04
October 31 2023,Jefferson,WA,Truck,13,0,13,9268,9281,0.14
September 30 2022,Okanogan,WA,Truck,1,0,1,16499,16500,0.01
April 30 2022,Pierce,WA,Passenger,4826,2256,7082,547654,554736,1.28
May 31 2023,Pend Oreille,WA,Passenger,30,11,41,8871,8912,0.46
July 31 2022,Whatcom,WA,Truck,11,0,11,43171,43182,0.03
March 31 2022,Garfield,WA,Truck,0,0,0,998,998,0
July 31 2023,Snohomish,WA,Truck,187,0,187,121176,121363,0.15
July 31 2022,Grays Harbor,WA,Passenger,214,162,376,48869,49245,0.76
February 28 2022,Kitsap,WA,Passenger,2229,981,3210,179167,182377,1.76
November 30 2023,Clark,WA,Passenger,6942,2601,9543,313514,323057,2.95
January 31 2022,Garfield,WA,Truck,0,0,0,994,994,0
October 31 2023,Ferry,WA,Truck,0,0,0,3534,3534,0
August 31 2023,Kitsap,WA,Passenger,3460,1359,4819,175175,179994,2.68
November 30 2022,Lincoln,WA,Passenger,12,19,31,7750,7781,0.4
November 30 2023,King,WA,Passenger,67849,16409,84258,1316660,1400918,6.01
June 30 2023,Walla Walla,WA,Truck,5,0,5,13691,13696,0.04
December 31 2022,Adams,WA,Passenger,23,11,34,12981,13015,0.26
September 30 2023,Pacific,WA,Passenger,83,97,180,15509,15689,1.15
September 30 2023,Kittitas,WA,Truck,11,0,11,14606,14617,0.08
April 30 2022,Clallam,WA,Passenger,405,241,646,49780,50426,1.28
May 31 2022,Cowlitz,WA,Truck,1,1,2,28571,28573,0.01
April 30 2022,Chelan,WA,Truck,0,0,0,23041,23041,0
May 31 2022,Clallam,WA,Passenger,411,244,655,49732,50387,1.3
June 30 2023,Skamania,WA,Passenger,108,59,167,8044,8211,2.03
April 30 2022,Adams,WA,Truck,0,0,0,5480,5480,0
January 31 2022,Mason,WA,Truck,0,0,0,21149,21149,0
April 30 2022,Thurston,WA,Passenger,2069,1014,3083,194396,197479,1.56
July 31 2023,Douglas,WA,Passenger,212,64,276,28752,29028,0.95
November 30 2023,Mason,WA,Truck,17,0,17,20491,20508,0.08
June 30 2022,Walla Walla,WA,Passenger,172,100,272,35861,36133,0.75
March 31 2023,Asotin,WA,Passenger,32,21,53,12370,12423,0.43
February 28 2022,Mason,WA,Passenger,278,163,441,47676,48117,0.92
November 30 2023,Mason,WA,Passenger,535,223,758,46163,46921,1.62
November 30 2023,Walla Walla,WA,Truck,9,0,9,13684,13693,0.07
July 31 2023,Skamania,WA,Truck,1,0,1,3844,3845,0.03
January 31 2023,Columbia,WA,Passenger,8,1,9,2430,2439,0.37
November 30 2022,Klickitat,WA,Passenger,119,53,172,15065,15237,1.13
November 30 2023,Asotin,WA,Truck,0,0,0,6613,6613,0
February 28 2022,Garfield,WA,Truck,0,0,0,997,997,0
March 31 2023,Whatcom,WA,Truck,48,0,48,42869,42917,0.11
February 28 2022,Okanogan,WA,Passenger,73,47,120,26438,26558,0.45
December 31 2023,Wahkiakum,WA,Truck,4,0,4,1750,1754,0.23
January 31 2022,Lewis,WA,Truck,0,0,0,26637,26637,0
November 30 2022,Yakima,WA,Passenger,411,217,628,166260,166888,0.38
November 30 2022,San Juan,WA,Passenger,553,168,721,13954,14675,4.91
May 31 2023,Lewis,WA,Truck,7,0,7,25998,26005,0.03
April 30 2023,Lincoln,WA,Passenger,18,17,35,7654,7689,0.46
February 28 2022,Whitman,WA,Passenger,70,56,126,21966,22092,0.57
June 30 2023,Snohomish,WA,Passenger,12642,3061,15703,527594,543297,2.89
March 31 2023,Cowlitz,WA,Passenger,434,195,629,69990,70619,0.89
December 31 2022,Grays Harbor,WA,Passenger,246,160,406,48587,48993,0.83
July 31 2022,Columbia,WA,Passenger,7,0,7,2428,2435,0.29
December 31 2022,Kittitas,WA,Truck,5,0,5,14557,14562,0.03
December 31 2023,Jefferson,WA,Truck,18,0,18,9246,9264,0.19
February 28 2022,Asotin,WA,Passenger,22,18,40,12615,12655,0.32
June 30 2022,Whatcom,WA,Passenger,1815,735,2550,148764,151314,1.69
March 31 2022,Lewis,WA,Truck,0,0,0,26505,26505,0
February 28 2023,Asotin,WA,Truck,0,0,0,6645,6645,0
September 30 2023,Clark,WA,Passenger,6545,2494,9039,313375,322414,2.8
January 31 2023,Whitman,WA,Truck,3,0,3,8628,8631,0.03
August 31 2022,Cowlitz,WA,Passenger,352,172,524,70328,70852,0.74
December 31 2023,Pacific,WA,Passenger,95,100,195,15512,15707,1.24
December 31 2022,Pend Oreille,WA,Truck,0,0,0,5580,5580,0
October 31 2023,Adams,WA,Passenger,28,13,41,13103,13144,0.31
March 31 2023,Mason,WA,Passenger,400,199,599,46365,46964,1.28
June 30 2023,Cowlitz,WA,Passenger,476,217,693,69798,70491,0.98
January 31 2023,Douglas,WA,Truck,5,0,5,12860,12865,0.04
August 31 2023,Kittitas,WA,Passenger,386,108,494,29320,29814,1.66
January 31 2023,Adams,WA,Passenger,22,11,33,12982,13015,0.25
August 31 2023,Columbia,WA,Truck,0,0,0,1548,1548,0
November 30 2023,San Juan,WA,Passenger,680,190,870,13679,14549,5.98
August 31 2022,Lewis,WA,Passenger,241,179,420,59612,60032,0.7
June 30 2022,Franklin,WA,Truck,0,0,0,20872,20872,0
June 30 2022,Pierce,WA,Truck,6,0,6,141603,141609,0
March 31 2023,Spokane,WA,Passenger,2095,1000,3095,321645,324740,0.95
October 31 2023,Clallam,WA,Passenger,635,307,942,48967,49909,1.89
July 31 2022,Mason,WA,Truck,4,0,4,20939,20943,0.02
January 31 2023,Pend Oreille,WA,Truck,0,0,0,5571,5571,0
August 31 2022,Kitsap,WA,Passenger,2520,1092,3612,177298,180910,2
December 31 2023,Adams,WA,Passenger,28,15,43,13081,13124,0.33
September 30 2022,Wahkiakum,WA,Passenger,24,12,36,3078,3114,1.16
November 30 2023,Pacific,WA,Passenger,87,102,189,15513,15702,1.2
March 31 2022,Douglas,WA,Truck,0,0,0,12718,12718,0
November 30 2023,Cowlitz,WA,Truck,13,0,13,27988,28001,0.05
March 31 2022,Grant,WA,Truck,0,0,0,28024,28024,0
May 31 2022,Grant,WA,Passenger,166,97,263,66637,66900,0.39
October 31 2022,Yakima,WA,Passenger,395,213,608,166171,166779,0.36
August 31 2022,Asotin,WA,Truck,0,0,0,6675,6675,0
October 31 2022,San Juan,WA,Truck,7,0,7,5945,5952,0.12
October 31 2022,Skagit,WA,Truck,8,0,8,32186,32194,0.02
October 31 2022,Franklin,WA,Passenger,239,112,351,61699,62050,0.57
April 30 2022,Yakima,WA,Passenger,318,183,501,167264,167765,0.3
May 31 2022,Walla Walla,WA,Truck,0,0,0,13963,13963,0
August 31 2022,Grant,WA,Truck,1,0,1,27969,27970,0
October 31 2022,Cowlitz,WA,Truck,4,0,4,28415,28419,0.01
December 31 2023,Jefferson,WA,Passenger,659,276,935,24160,25095,3.73
December 31 2023,Grant,WA,Truck,14,0,14,28074,28088,0.05
April 30 2022,Lincoln,WA,Truck,0,0,0,4847,4847,0
August 31 2023,Lewis,WA,Passenger,347,251,598,59359,59957,1
October 31 2022,Franklin,WA,Truck,2,0,2,20853,20855,0.01
December 31 2022,Pend Oreille,WA,Passenger,21,13,34,8928,8962,0.38
January 31 2022,Whitman,WA,Truck,0,0,0,8558,8558,0
April 30 2022,Lincoln,WA,Passenger,7,18,25,7659,7684,0.33
August 31 2022,Yakima,WA,Passenger,364,204,568,166332,166900,0.34
April 30 2023,Franklin,WA,Truck,4,0,4,20847,20851,0.02
April 30 2022,Lewis,WA,Passenger,230,173,403,59428,59831,0.67
September 30 2023,Whatcom,WA,Passenger,2735,965,3700,147850,151550,2.44
March 31 2023,Pend Oreille,WA,Passenger,28,13,41,8901,8942,0.46
September 30 2023,King,WA,Passenger,64232,15785,80017,1319826,1399843,5.72
August 31 2022,Skamania,WA,Truck,0,0,0,3898,3898,0
March 31 2023,Cowlitz,WA,Truck,7,0,7,28249,28256,0.02
December 31 2023,Lewis,WA,Truck,10,0,10,25727,25737,0.04
May 31 2022,Island,WA,Passenger,794,371,1165,61699,62864,1.85
June 30 2023,Skamania,WA,Truck,1,0,1,3843,3844,0.03
October 31 2023,Spokane,WA,Passenger,2674,1301,3975,322117,326092,1.22
June 30 2023,Columbia,WA,Truck,0,0,0,1545,1545,0
July 31 2022,Wahkiakum,WA,Truck,0,0,0,1799,1799,0
May 31 2023,Clallam,WA,Truck,19,0,19,21741,21760,0.09
May 31 2022,Benton,WA,Truck,2,0,2,43510,43512,0
April 30 2023,Cowlitz,WA,Passenger,434,203,637,69914,70551,0.9
February 28 2022,Columbia,WA,Passenger,6,1,7,2453,2460,0.28
April 30 2022,Snohomish,WA,Truck,4,0,4,124526,124530,0
May 31 2022,Clark,WA,Passenger,3933,1732,5665,316324,321989,1.76
April 30 2023,Okanogan,WA,Passenger,118,58,176,26064,26240,0.67
October 31 2022,Kitsap,WA,Truck,25,0,25,52998,53023,0.05
June 30 2023,Asotin,WA,Passenger,36,21,57,12361,12418,0.46
February 28 2022,Columbia,WA,Truck,0,0,0,1569,1569,0
June 30 2023,Klickitat,WA,Passenger,151,64,215,15109,15324,1.4
September 30 2023,Spokane,WA,Truck,48,0,48,101720,101768,0.05
August 31 2022,Stevens,WA,Truck,1,0,1,18875,18876,0.01
August 31 2023,Skagit,WA,Passenger,1189,435,1624,88586,90210,1.8
December 31 2023,Clark,WA,Truck,150,0,150,80874,81024,0.19
May 31 2022,Mason,WA,Passenger,302,176,478,47264,47742,1
March 31 2022,Lincoln,WA,Truck,0,0,0,4828,4828,0
December 31 2023,King,WA,Truck,1061,2,1063,172753,173816,0.61
March 31 2022,Island,WA,Truck,1,0,1,21398,21399,0
September 30 2022,San Juan,WA,Passenger,535,162,697,13983,14680,4.75
May 31 2023,Skagit,WA,Passenger,1079,404,1483,88879,90362,1.64
July 31 2023,Lewis,WA,Passenger,339,222,561,59322,59883,0.94
October 31 2023,Lewis,WA,Passenger,375,285,660,59437,60097,1.1
June 30 2022,Chelan,WA,Passenger,461,126,587,54298,54885,1.07
July 31 2023,Grant,WA,Truck,12,0,12,28051,28063,0.04
December 31 2023,Mason,WA,Truck,19,0,19,20457,20476,0.09
November 30 2022,Ferry,WA,Truck,0,0,0,3577,3577,0
January 31 2022,Kitsap,WA,Passenger,2190,969,3159,179444,182603,1.73
October 31 2023,Stevens,WA,Truck,2,0,2,18670,18672,0.01
July 31 2022,Whatcom,WA,Passenger,1865,752,2617,148539,151156,1.73
June 30 2022,Clallam,WA,Passenger,422,249,671,49728,50399,1.33
October 31 2023,Grays Harbor,WA,Passenger,352,215,567,48056,48623,1.17
August 31 2023,Stevens,WA,Truck,2,0,2,18675,18677,0.01
April 30 2022,Garfield,WA,Passenger,0,3,3,1323,1326,0.23
July 31 2022,King,WA,Passenger,41854,11436,53290,1343573,1396863,3.81
December 31 2023,Island,WA,Truck,41,0,41,20797,20838,0.2
June 30 2023,Spokane,WA,Passenger,2306,1090,3396,322110,325506,1.04
January 31 2022,Grays Harbor,WA,Truck,0,0,0,21334,21334,0
September 30 2022,Spokane,WA,Passenger,1764,886,2650,323751,326401,0.81
April 30 2022,Pierce,WA,Truck,3,0,3,142756,142759,0
June 30 2022,Garfield,WA,Truck,0,0,0,979,979,0
May 31 2022,Kittitas,WA,Passenger,247,80,327,29731,30058,1.09
June 30 2022,Grant,WA,Passenger,175,99,274,66724,66998,0.41
March 31 2022,Whatcom,WA,Truck,4,0,4,43495,43499,0.01
February 28 2023,Garfield,WA,Truck,0,0,0,976,976,0
April 30 2023,Skamania,WA,Truck,1,0,1,3851,3852,0.03
April 30 2023,Douglas,WA,Truck,7,0,7,12910,12917,0.05
July 31 2022,Kitsap,WA,Passenger,2461,1073,3534,177559,181093,1.95
June 30 2023,Adams,WA,Truck,3,0,3,5347,5350,0.06
June 30 2023,Garfield,WA,Truck,0,0,0,973,973,0
June 30 2023,San Juan,WA,Truck,11,0,11,5925,5936,0.19
July 31 2023,Ferry,WA,Passenger,21,4,25,4308,4333,0.58
May 31 2023,Walla Walla,WA,Passenger,215,114,329,35416,35745,0.92
October 31 2023,Pend Oreille,WA,Truck,0,0,0,5587,5587,0
April 30 2023,Pend Oreille,WA,Truck,0,0,0,5619,5619,0
February 28 2023,Douglas,WA,Passenger,179,58,237,28587,28824,0.82
January 31 2023,Asotin,WA,Passenger,30,20,50,12415,12465,0.4
September 30 2022,Mason,WA,Truck,4,0,4,20955,20959,0.02
August 31 2022,Jefferson,WA,Passenger,454,224,678,24470,25148,2.7
April 30 2023,Asotin,WA,Truck,0,0,0,6597,6597,0
December 31 2023,Stevens,WA,Truck,3,0,3,18679,18682,0.02
August 31 2023,Pend Oreille,WA,Truck,0,0,0,5603,5603,0
March 31 2023,Douglas,WA,Passenger,181,57,238,28634,28872,0.82
August 31 2023,Okanogan,WA,Truck,7,0,7,16379,16386,0.04
November 30 2023,Kitsap,WA,Truck,98,0,98,51905,52003,0.19
November 30 2022,Clallam,WA,Passenger,471,261,732,49358,50090,1.46
July 31 2023,Pend Oreille,WA,Truck,0,0,0,5603,5603,0
March 31 2022,Walla Walla,WA,Passenger,157,90,247,36074,36321,0.68
August 31 2023,Douglas,WA,Passenger,218,68,286,28758,29044,0.98
February 28 2023,Spokane,WA,Truck,25,0,25,101656,101681,0.02
August 31 2022,Grays Harbor,WA,Passenger,218,163,381,48774,49155,0.78
April 30 2023,Columbia,WA,Truck,0,0,0,1550,1550,0
February 28 2023,Clallam,WA,Passenger,505,272,777,49258,50035,1.55
May 31 2022,Yakima,WA,Passenger,325,189,514,166919,167433,0.31
July 31 2023,San Juan,WA,Truck,15,0,15,5936,5951,0.25
January 31 2022,Walla Walla,WA,Truck,0,0,0,14098,14098,0
June 30 2022,Klickitat,WA,Truck,0,0,0,8283,8283,0
October 31 2022,Whitman,WA,Truck,3,0,3,8589,8592,0.03
November 30 2022,Whitman,WA,Truck,3,0,3,8606,8609,0.03
July 31 2023,Ferry,WA,Truck,0,0,0,3581,3581,0
January 31 2023,Whitman,WA,Passenger,120,70,190,21917,22107,0.86
August 31 2022,Pierce,WA,Truck,34,0,34,140541,140575,0.02
March 31 2023,Clark,WA,Passenger,5289,2156,7445,313334,320779,2.32
August 31 2022,Pend Oreille,WA,Passenger,18,12,30,9001,9031,0.33
March 31 2023,Island,WA,Passenger,982,419,1401,61016,62417,2.24
October 31 2023,San Juan,WA,Passenger,663,189,852,13726,14578,5.84
August 31 2022,Whitman,WA,Passenger,94,62,156,21917,22073,0.71
September 30 2022,Walla Walla,WA,Truck,2,0,2,13932,13934,0.01
January 31 2023,Chelan,WA,Truck,15,0,15,23088,23103,0.06
April 30 2022,King,WA,Truck,26,1,27,181575,181602,0.01
June 30 2023,Clallam,WA,Truck,19,0,19,21738,21757,0.09
July 31 2022,Pacific,WA,Truck,0,0,0,7866,7866,0
December 31 2023,Ferry,WA,Passenger,24,3,27,4296,4323,0.62
September 30 2023,Grays Harbor,WA,Truck,9,0,9,20806,20815,0.04
May 31 2022,Ferry,WA,Passenger,20,4,24,4426,4450,0.54
January 31 2022,Klickitat,WA,Passenger,90,54,144,15289,15433,0.93
December 31 2022,Mason,WA,Truck,6,0,6,20819,20825,0.03
September 30 2022,Yakima,WA,Passenger,377,209,586,166309,166895,0.35
September 30 2023,Kitsap,WA,Passenger,3608,1407,5015,175151,180166,2.78
December 31 2022,Pierce,WA,Truck,82,0,82,139275,139357,0.06
May 31 2023,Cowlitz,WA,Passenger,456,206,662,69886,70548,0.94
December 31 2023,Pierce,WA,Passenger,9458,3209,12667,525359,538026,2.35
November 30 2023,Douglas,WA,Passenger,242,80,322,28847,29169,1.1
November 30 2022,San Juan,WA,Truck,7,0,7,5934,5941,0.12
July 31 2022,Wahkiakum,WA,Passenger,24,12,36,3070,3106,1.16
June 30 2023,Lincoln,WA,Truck,0,0,0,4846,4846,0
March 31 2023,Columbia,WA,Passenger,8,1,9,2406,2415,0.37
September 30 2023,Yakima,WA,Truck,15,0,15,60931,60946,0.02
November 30 2022,Walla Walla,WA,Truck,3,0,3,13899,13902,0.02
November 30 2023,Benton,WA,Truck,35,0,35,43044,43079,0.08
February 28 2022,Garfield,WA,Passenger,0,3,3,1347,1350,0.22
July 31 2023,Chelan,WA,Truck,31,0,31,23168,23199,0.13
December 31 2022,Cowlitz,WA,Passenger,405,189,594,70159,70753,0.84
October 31 2023,Chelan,WA,Passenger,708,195,903,54157,55060,1.64
March 31 2023,Okanogan,WA,Passenger,113,58,171,26058,26229,0.65
June 30 2023,Pend Oreille,WA,Passenger,30,12,42,8862,8904,0.47
August 31 2023,Lincoln,WA,Passenger,21,21,42,7614,7656,0.55
November 30 2022,Grant,WA,Passenger,221,110,331,66680,67011,0.49
October 31 2023,Lincoln,WA,Passenger,21,24,45,7595,7640,0.59
March 31 2022,Jefferson,WA,Passenger,408,208,616,24661,25277,2.44
November 30 2023,Kittitas,WA,Passenger,449,118,567,29399,29966,1.89
April 30 2023,Clallam,WA,Passenger,520,279,799,49055,49854,1.6
September 30 2023,Clark,WA,Truck,117,0,117,81192,81309,0.14
November 30 2022,Kitsap,WA,Passenger,2694,1133,3827,176739,180566,2.12
March 31 2022,Kittitas,WA,Truck,0,0,0,14721,14721,0
November 30 2023,Cowlitz,WA,Passenger,571,244,815,69685,70500,1.16
October 31 2023,Cowlitz,WA,Truck,10,0,10,27970,27980,0.04
December 31 2023,Island,WA,Passenger,1299,477,1776,60870,62646,2.83
January 31 2022,Island,WA,Passenger,733,343,1076,62294,63370,1.7
August 31 2022,Pierce,WA,Passenger,5417,2390,7807,541399,549206,1.42
February 28 2022,Cowlitz,WA,Passenger,280,168,448,71183,71631,0.63
July 31 2022,Lewis,WA,Truck,0,0,0,26319,26319,0
November 30 2022,Pacific,WA,Passenger,70,79,149,15706,15855,0.94
August 31 2023,Spokane,WA,Truck,41,0,41,101698,101739,0.04
November 30 2022,Pierce,WA,Truck,71,0,71,139627,139698,0.05
July 31 2022,Ferry,WA,Truck,0,0,0,3561,3561,0
March 31 2022,Okanogan,WA,Passenger,75,46,121,26483,26604,0.45
August 31 2022,Ferry,WA,Passenger,20,4,24,4391,4415,0.54
March 31 2023,Pacific,WA,Passenger,74,84,158,15600,15758,1
May 31 2022,Garfield,WA,Truck,0,0,0,977,977,0
November 30 2022,Snohomish,WA,Truck,78,0,78,122586,122664,0.06
January 31 2023,San Juan,WA,Passenger,570,173,743,13856,14599,5.09
July 31 2023,Grays Harbor,WA,Passenger,318,194,512,48187,48699,1.05
June 30 2023,Clark,WA,Passenger,5866,2327,8193,313347,321540,2.55
October 31 2022,Pierce,WA,Passenger,5732,2439,8171,539185,547356,1.49
November 30 2023,Spokane,WA,Passenger,2782,1346,4128,322370,326498,1.26
July 31 2023,Franklin,WA,Truck,6,0,6,20889,20895,0.03
May 31 2023,Kittitas,WA,Passenger,342,104,446,29383,29829,1.5
October 31 2023,Island,WA,Truck,34,0,34,20862,20896,0.16
May 31 2022,Okanogan,WA,Passenger,80,51,131,26373,26504,0.49
May 31 2023,Clallam,WA,Passenger,537,281,818,48943,49761,1.64
July 31 2023,Columbia,WA,Truck,0,0,0,1543,1543,0
November 30 2022,Whatcom,WA,Passenger,2056,797,2853,148545,151398,1.88
March 31 2022,Whatcom,WA,Passenger,1736,694,2430,149012,151442,1.6
November 30 2022,Kittitas,WA,Truck,5,0,5,14566,14571,0.03
August 31 2023,Mason,WA,Passenger,482,213,695,46131,46826,1.48
June 30 2022,Garfield,WA,Passenger,0,3,3,1313,1316,0.23
February 28 2023,Yakima,WA,Truck,9,0,9,61121,61130,0.01
March 31 2023,Lewis,WA,Passenger,295,195,490,58684,59174,0.83
October 31 2022,Snohomish,WA,Passenger,9421,2666,12087,530053,542140,2.23
December 31 2022,Pierce,WA,Passenger,6146,2502,8648,537238,545886,1.58
September 30 2023,Jefferson,WA,Passenger,607,269,876,24176,25052,3.5
October 31 2022,Okanogan,WA,Passenger,94,49,143,26233,26376,0.54
January 31 2022,Lincoln,WA,Passenger,6,17,23,7729,7752,0.3
September 30 2022,Island,WA,Truck,9,0,9,21201,21210,0.04
March 31 2022,Ferry,WA,Truck,0,0,0,3567,3567,0
November 30 2023,Garfield,WA,Passenger,0,3,3,1295,1298,0.23
November 30 2023,Lewis,WA,Passenger,388,293,681,59484,60165,1.13
February 28 2022,Skamania,WA,Passenger,59,45,104,8285,8389,1.24
November 30 2022,Whatcom,WA,Truck,21,0,21,43035,43056,0.05
November 30 2023,Whitman,WA,Passenger,190,101,291,21956,22247,1.31
May 31 2023,Skamania,WA,Passenger,103,58,161,8046,8207,1.96
October 31 2022,Whitman,WA,Passenger,103,65,168,21882,22050,0.76
October 31 2023,Jefferson,WA,Passenger,619,267,886,24148,25034,3.54
June 30 2023,Lewis,WA,Truck,7,0,7,25988,25995,0.03
July 31 2022,Yakima,WA,Truck,1,0,1,61293,61294,0
April 30 2023,Jefferson,WA,Passenger,533,253,786,24222,25008,3.14
January 31 2022,Walla Walla,WA,Passenger,146,88,234,36244,36478,0.64
August 31 2023,Chelan,WA,Passenger,670,173,843,54186,55029,1.53
October 31 2023,Walla Walla,WA,Passenger,254,129,383,35413,35796,1.07
February 28 2022,Stevens,WA,Truck,0,0,0,18950,18950,0
May 31 2022,Okanogan,WA,Truck,0,0,0,16647,16647,0
September 30 2022,Columbia,WA,Passenger,8,0,8,2436,2444,0.33
August 31 2023,Ferry,WA,Truck,0,0,0,3556,3556,0
September 30 2023,Lincoln,WA,Truck,0,0,0,4827,4827,0
July 31 2022,Clallam,WA,Passenger,433,246,679,49598,50277,1.35
July 31 2022,Spokane,WA,Passenger,1671,861,2532,323928,326460,0.78
November 30 2023,Garfield,WA,Truck,0,0,0,977,977,0
December 31 2023,Cowlitz,WA,Passenger,595,247,842,69695,70537,1.19
May 31 2023,Chelan,WA,Truck,29,0,29,23116,23145,0.13
October 31 2022,Pend Oreille,WA,Truck,0,0,0,5609,5609,0
December 31 2022,Lincoln,WA,Truck,0,0,0,4833,4833,0
August 31 2023,Adams,WA,Passenger,24,13,37,13072,13109,0.28
September 30 2022,Clallam,WA,Passenger,443,249,692,49414,50106,1.38
November 30 2022,Whitman,WA,Passenger,109,65,174,21892,22066,0.79
February 28 2023,San Juan,WA,Passenger,577,172,749,13864,14613,5.13
December 31 2022,Skagit,WA,Passenger,920,356,1276,89246,90522,1.41
August 31 2022,Pacific,WA,Passenger,70,72,142,15751,15893,0.89
September 30 2023,Whitman,WA,Truck,5,0,5,8663,8668,0.06
January 31 2022,Spokane,WA,Passenger,1346,764,2110,326117,328227,0.64
July 31 2022,Klickitat,WA,Passenger,105,56,161,15164,15325,1.05
March 31 2023,Mason,WA,Truck,11,0,11,20806,20817,0.05
January 31 2022,Chelan,WA,Truck,0,0,0,23038,23038,0
July 31 2023,Cowlitz,WA,Truck,10,0,10,28168,28178,0.04
February 28 2023,Pierce,WA,Truck,111,0,111,138401,138512,0.08
December 31 2022,Whitman,WA,Truck,3,0,3,8638,8641,0.03
May 31 2022,Columbia,WA,Truck,0,0,0,1579,1579,0
January 31 2022,Spokane,WA,Truck,0,0,0,102510,102510,0
October 31 2022,Asotin,WA,Truck,0,0,0,6670,6670,0
October 31 2022,Wahkiakum,WA,Truck,1,0,1,1798,1799,0.06
November 30 2022,Yakima,WA,Truck,6,0,6,61178,61184,0.01
December 31 2022,Okanogan,WA,Truck,2,0,2,16421,16423,0.01
May 31 2022,Kittitas,WA,Truck,1,0,1,14674,14675,0.01
May 31 2023,Okanogan,WA,Truck,7,0,7,16466,16473,0.04
December 31 2022,Lewis,WA,Truck,1,0,1,26258,26259,0
February 28 2022,Clark,WA,Passenger,3627,1596,5223,318735,323958,1.61
March 31 2022,Yakima,WA,Truck,0,0,0,61556,61556,0
December 31 2022,Stevens,WA,Passenger,90,55,145,29888,30033,0.48
July 31 2022,Stevens,WA,Truck,1,0,1,18871,18872,0.01
June 30 2023,Kitsap,WA,Truck,76,0,76,52231,52307,0.15
June 30 2022,Whitman,WA,Passenger,87,60,147,21945,22092,0.67
October 31 2023,Skamania,WA,Passenger,129,55,184,8037,8221,2.24
January 31 2022,Benton,WA,Truck,0,0,0,43575,43575,0
January 31 2022,Stevens,WA,Truck,0,0,0,18913,18913,0
March 31 2022,San Juan,WA,Truck,1,0,1,5993,5994,0.02
February 28 2023,Cowlitz,WA,Truck,7,0,7,28307,28314,0.02
August 31 2022,Island,WA,Passenger,853,378,1231,61492,62723,1.96
April 30 2022,Thurston,WA,Truck,3,0,3,55462,55465,0.01
February 28 2023,Clark,WA,Truck,70,0,70,81498,81568,0.09
April 30 2022,Pend Oreille,WA,Passenger,16,10,26,9010,9036,0.29
January 31 2023,Benton,WA,Truck,13,0,13,43285,43298,0.03
March 31 2022,Yakima,WA,Passenger,312,181,493,167557,168050,0.29
November 30 2022,Klickitat,WA,Truck,3,0,3,8239,8242,0.04
May 31 2022,Columbia,WA,Passenger,7,0,7,2437,2444,0.29
May 31 2022,Pierce,WA,Truck,5,0,5,142063,142068,0
November 30 2022,Cowlitz,WA,Passenger,389,187,576,70121,70697,0.81
January 31 2023,Skagit,WA,Passenger,954,365,1319,89178,90497,1.46
May 31 2023,Jefferson,WA,Passenger,552,260,812,24267,25079,3.24
December 31 2023,Adams,WA,Truck,3,0,3,5357,5360,0.06
June 30 2023,Whatcom,WA,Truck,57,0,57,42696,42753,0.13
December 31 2022,Mason,WA,Passenger,368,188,556,46777,47333,1.17
May 31 2022,Adams,WA,Truck,0,0,0,5474,5474,0
December 31 2023,Franklin,WA,Truck,9,0,9,20874,20883,0.04
May 31 2022,King,WA,Passenger,39971,11041,51012,1345690,1396702,3.65
June 30 2023,Clark,WA,Truck,97,0,97,81393,81490,0.12
August 31 2023,Chelan,WA,Truck,33,0,33,23178,23211,0.14
August 31 2023,Thurston,WA,Truck,70,0,70,53754,53824,0.13
May 31 2022,Garfield,WA,Passenger,0,3,3,1321,1324,0.23
October 31 2023,Whatcom,WA,Passenger,2823,994,3817,147753,151570,2.52
January 31 2023,Clark,WA,Truck,62,0,62,81704,81766,0.08
December 31 2023,Cowlitz,WA,Truck,13,0,13,27939,27952,0.05
February 28 2022,Mason,WA,Truck,0,0,0,21145,21145,0
March 31 2022,Asotin,WA,Truck,0,0,0,6746,6746,0
January 31 2022,Adams,WA,Passenger,17,14,31,13016,13047,0.24
September 30 2022,Franklin,WA,Truck,2,0,2,20899,20901,0.01
December 31 2023,Wahkiakum,WA,Passenger,32,22,54,3051,3105,1.74
March 31 2022,Snohomish,WA,Passenger,7660,2361,10021,534290,544311,1.84
October 31 2022,Benton,WA,Passenger,865,485,1350,135489,136839,0.99
February 28 2023,Okanogan,WA,Truck,2,0,2,16437,16439,0.01
December 31 2022,Lewis,WA,Passenger,267,186,453,59797,60250,0.75
September 30 2023,Clallam,WA,Passenger,614,300,914,48943,49857,1.83
March 31 2022,Benton,WA,Passenger,696,443,1139,135569,136708,0.83
February 28 2022,Douglas,WA,Truck,0,0,0,12677,12677,0
January 31 2023,Mason,WA,Passenger,378,189,567,46693,47260,1.2
March 31 2023,Garfield,WA,Passenger,1,3,4,1311,1315,0.3
May 31 2023,Okanogan,WA,Passenger,122,62,184,26143,26327,0.7
February 28 2022,Kittitas,WA,Truck,0,0,0,14752,14752,0
April 30 2023,Douglas,WA,Passenger,188,59,247,28632,28879,0.86
October 31 2023,Adams,WA,Truck,3,0,3,5349,5352,0.06
August 31 2023,Skamania,WA,Passenger,115,56,171,8059,8230,2.08
June 30 2022,Jefferson,WA,Truck,2,0,2,9456,9458,0.02
September 30 2022,Benton,WA,Truck,5,0,5,43341,43346,0.01
January 31 2022,Yakima,WA,Truck,0,0,0,61587,61587,0
June 30 2022,Asotin,WA,Passenger,23,19,42,12695,12737,0.33
November 30 2023,Chelan,WA,Passenger,731,203,934,54221,55155,1.69
July 31 2023,Kitsap,WA,Truck,80,0,80,52093,52173,0.15
September 30 2022,Clallam,WA,Truck,6,0,6,21863,21869,0.03
June 30 2022,Klickitat,WA,Passenger,102,55,157,15215,15372,1.02
July 31 2022,Adams,WA,Passenger,19,10,29,12900,12929,0.22
June 30 2023,Chelan,WA,Truck,31,0,31,23139,23170,0.13
May 31 2022,San Juan,WA,Passenger,499,152,651,14077,14728,4.42
September 30 2022,Asotin,WA,Truck,0,0,0,6686,6686,0
November 30 2023,Lincoln,WA,Truck,0,0,0,4795,4795,0
June 30 2023,Pierce,WA,Passenger,7598,2786,10384,529373,539757,1.92
October 31 2023,Mason,WA,Passenger,512,221,733,46136,46869,1.56
October 31 2022,Skagit,WA,Passenger,886,349,1235,89304,90539,1.36
April 30 2023,Grays Harbor,WA,Passenger,288,182,470,48342,48812,0.96
May 31 2023,Kittitas,WA,Truck,8,0,8,14548,14556,0.05
January 31 2023,Pend Oreille,WA,Passenger,23,14,37,8918,8955,0.41
March 31 2023,Douglas,WA,Truck,6,0,6,12877,12883,0.05
January 31 2022,Mason,WA,Passenger,270,158,428,47718,48146,0.89
November 30 2022,Mason,WA,Truck,7,0,7,20847,20854,0.03
March 31 2022,Chelan,WA,Passenger,437,122,559,54551,55110,1.01
April 30 2023,Grant,WA,Passenger,267,114,381,66789,67170,0.57
August 31 2022,San Juan,WA,Passenger,529,162,691,13974,14665,4.71
February 28 2023,Whitman,WA,Truck,4,0,4,8641,8645,0.05
February 28 2023,Pacific,WA,Passenger,72,82,154,15637,15791,0.98
December 31 2022,Yakima,WA,Truck,6,0,6,61135,61141,0.01
June 30 2023,Walla Walla,WA,Passenger,221,110,331,35430,35761,0.93
July 31 2022,Cowlitz,WA,Passenger,348,171,519,70454,70973,0.73
November 30 2023,Ferry,WA,Passenger,23,4,27,4293,4320,0.62
March 31 2022,Klickitat,WA,Passenger,95,54,149,15312,15461,0.96
November 30 2023,Jefferson,WA,Truck,15,0,15,9267,9282,0.16
September 30 2023,King,WA,Truck,860,2,862,174039,174901,0.49
June 30 2023,Grays Harbor,WA,Passenger,297,187,484,48319,48803,0.99
January 31 2022,Clallam,WA,Truck,1,0,1,22119,22120,0
April 30 2022,Douglas,WA,Passenger,126,57,183,28506,28689,0.64
March 31 2022,Whitman,WA,Truck,0,0,0,8580,8580,0
November 30 2023,Columbia,WA,Truck,0,0,0,1556,1556,0
August 31 2023,Spokane,WA,Passenger,2456,1184,3640,322110,325750,1.12
May 31 2023,San Juan,WA,Truck,12,0,12,5926,5938,0.2
January 31 2022,Franklin,WA,Passenger,169,101,270,62091,62361,0.43
June 30 2023,Island,WA,Passenger,1073,437,1510,60795,62305,2.42
February 28 2022,King,WA,Truck,22,1,23,182312,182335,0.01
August 31 2022,Wahkiakum,WA,Truck,1,0,1,1800,1801,0.06
March 31 2022,Jefferson,WA,Truck,0,0,0,9541,9541,0
August 31 2022,Chelan,WA,Truck,5,0,5,23034,23039,0.02
June 30 2023,Thurston,WA,Truck,60,0,60,53858,53918,0.11
August 31 2022,Walla Walla,WA,Passenger,179,103,282,35760,36042,0.78
July 31 2023,Jefferson,WA,Truck,12,0,12,9310,9322,0.13
June 30 2023,Whitman,WA,Truck,4,0,4,8597,8601,0.05
August 31 2022,Pend Oreille,WA,Truck,0,0,0,5624,5624,0
August 31 2022,Snohomish,WA,Passenger,8919,2591,11510,530372,541882,2.12
January 31 2022,Jefferson,WA,Passenger,384,198,582,24657,25239,2.31
January 31 2022,San Juan,WA,Truck,1,0,1,6020,6021,0.02
August 31 2022,Okanogan,WA,Passenger,86,48,134,26271,26405,0.51
January 31 2022,Pend Oreille,WA,Truck,0,0,0,5719,5719,0
August 31 2022,Jefferson,WA,Truck,3,0,3,9416,9419,0.03
August 31 2023,Okanogan,WA,Passenger,135,67,202,26097,26299,0.77
April 30 2023,Asotin,WA,Passenger,34,20,54,12312,12366,0.44
January 31 2023,Yakima,WA,Truck,8,0,8,61127,61135,0.01
November 30 2023,San Juan,WA,Truck,22,0,22,5899,5921,0.37
August 31 2022,Spokane,WA,Passenger,1737,878,2615,323763,326378,0.8
November 30 2022,Stevens,WA,Truck,2,0,2,18812,18814,0.01
February 28 2022,Island,WA,Truck,1,0,1,21412,21413,0
August 31 2023,Walla Walla,WA,Truck,7,0,7,13638,13645,0.05
August 31 2022,Garfield,WA,Truck,0,0,0,972,972,0
August 31 2023,Ferry,WA,Passenger,20,4,24,4298,4322,0.56
February 28 2023,Clark,WA,Passenger,5172,2102,7274,313589,320863,2.27
November 30 2023,Ferry,WA,Truck,0,0,0,3541,3541,0
October 31 2022,King,WA,Truck,300,2,302,179003,179305,0.17
September 30 2022,Kittitas,WA,Truck,4,0,4,14593,14597,0.03
June 30 2023,Mason,WA,Truck,12,0,12,20697,20709,0.06
June 30 2023,Garfield,WA,Passenger,1,3,4,1296,1300,0.31
March 31 2022,Skagit,WA,Passenger,732,326,1058,90354,91412,1.16
April 30 2023,Kittitas,WA,Truck,8,0,8,14523,14531,0.06
December 31 2022,San Juan,WA,Passenger,559,170,729,13880,14609,4.99
November 30 2022,Okanogan,WA,Truck,2,0,2,16444,16446,0.01
July 31 2022,Pend Oreille,WA,Truck,0,0,0,5636,5636,0
October 31 2023,Kittitas,WA,Passenger,431,114,545,29339,29884,1.82
November 30 2022,Clallam,WA,Truck,8,0,8,21856,21864,0.04
August 31 2022,Snohomish,WA,Truck,45,0,45,123061,123106,0.04
January 31 2023,Asotin,WA,Truck,0,0,0,6660,6660,0
February 28 2023,Columbia,WA,Passenger,8,1,9,2416,2425,0.37
August 31 2022,Grays Harbor,WA,Truck,2,0,2,21186,21188,0.01
March 31 2022,Klickitat,WA,Truck,0,0,0,8298,8298,0
February 28 2022,Stevens,WA,Passenger,59,47,106,30043,30149,0.35
May 31 2022,Snohomish,WA,Truck,6,0,6,124017,124023,0
October 31 2023,Columbia,WA,Passenger,12,0,12,2422,2434,0.49
July 31 2022,Douglas,WA,Truck,1,0,1,12741,12742,0.01
August 31 2023,Grays Harbor,WA,Truck,9,0,9,20869,20878,0.04
May 31 2023,Thurston,WA,Passenger,3025,1207,4232,189885,194117,2.18
March 31 2023,Kittitas,WA,Truck,7,0,7,14552,14559,0.05
February 28 2023,Ferry,WA,Passenger,21,4,25,4338,4363,0.57
December 31 2023,Lincoln,WA,Passenger,22,25,47,7604,7651,0.61
January 31 2022,Pacific,WA,Passenger,55,63,118,16034,16152,0.73
September 30 2023,Skamania,WA,Passenger,121,55,176,8031,8207,2.14
April 30 2023,Walla Walla,WA,Passenger,213,114,327,35394,35721,0.92
July 31 2022,Columbia,WA,Truck,0,0,0,1575,1575,0
August 31 2022,Kittitas,WA,Passenger,283,88,371,29575,29946,1.24
October 31 2022,Garfield,WA,Passenger,1,3,4,1301,1305,0.31
December 31 2022,Stevens,WA,Truck,2,0,2,18780,18782,0.01
April 30 2023,Grays Harbor,WA,Truck,4,0,4,20961,20965,0.02
July 31 2023,Okanogan,WA,Passenger,127,65,192,26065,26257,0.73
October 31 2022,Kittitas,WA,Truck,5,0,5,14588,14593,0.03
April 30 2022,Whitman,WA,Truck,0,0,0,8575,8575,0
April 30 2022,Okanogan,WA,Truck,0,0,0,16669,16669,0
April 30 2022,Garfield,WA,Truck,0,0,0,987,987,0
May 31 2022,Chelan,WA,Passenger,450,126,576,54324,54900,1.05
March 31 2022,Cowlitz,WA,Passenger,293,172,465,70997,71462,0.65
January 31 2022,Thurston,WA,Passenger,1917,973,2890,195919,198809,1.45
January 31 2022,Chelan,WA,Passenger,421,117,538,54551,55089,0.98
April 30 2022,Wahkiakum,WA,Passenger,20,11,31,3077,3108,1
February 28 2023,Skagit,WA,Truck,13,0,13,32019,32032,0.04
October 31 2023,Asotin,WA,Passenger,40,25,65,12267,12332,0.53
September 30 2023,Snohomish,WA,Passenger,14430,3315,17745,526765,544510,3.26
June 30 2023,Spokane,WA,Truck,39,0,39,101626,101665,0.04
September 30 2023,Skagit,WA,Truck,27,0,27,31756,31783,0.08
December 31 2022,Island,WA,Passenger,927,395,1322,61134,62456,2.12
January 31 2023,Mason,WA,Truck,8,0,8,20847,20855,0.04
February 28 2022,King,WA,Passenger,37180,10517,47697,1352413,1400110,3.41
October 31 2022,Okanogan,WA,Truck,1,0,1,16448,16449,0.01
November 30 2022,Lewis,WA,Truck,2,0,2,26287,26289,0.01
May 31 2022,Mason,WA,Truck,1,0,1,21021,21022,0
August 31 2022,Klickitat,WA,Truck,2,0,2,8258,8260,0.02
December 31 2022,Benton,WA,Passenger,930,499,1429,135519,136948,1.04
June 30 2022,Stevens,WA,Truck,0,0,0,18912,18912,0
May 31 2023,Klickitat,WA,Truck,11,0,11,8248,8259,0.13
November 30 2023,Snohomish,WA,Truck,253,0,253,120561,120814,0.21
May 31 2023,Asotin,WA,Passenger,35,19,54,12353,12407,0.44
May 31 2022,Pacific,WA,Passenger,60,68,128,15884,16012,0.8
June 30 2023,Yakima,WA,Passenger,502,258,760,165977,166737,0.46
September 30 2023,Cowlitz,WA,Passenger,540,231,771,69828,70599,1.09
September 30 2023,Kitsap,WA,Truck,87,0,87,52039,52126,0.17
August 31 2023,Clark,WA,Passenger,6355,2427,8782,313185,321967,2.73
November 30 2022,Grays Harbor,WA,Truck,3,0,3,21080,21083,0.01
May 31 2022,Thurston,WA,Truck,4,0,4,55314,55318,0.01
April 30 2022,Ferry,WA,Passenger,19,4,23,4397,4420,0.52
January 31 2023,Stevens,WA,Passenger,96,56,152,29858,30010,0.51
June 30 2022,Columbia,WA,Passenger,7,0,7,2443,2450,0.29
June 30 2023,Lewis,WA,Passenger,332,211,543,59261,59804,0.91
June 30 2022,Ferry,WA,Passenger,19,4,23,4402,4425,0.52
August 31 2022,Ferry,WA,Truck,0,0,0,3581,3581,0
March 31 2023,Stevens,WA,Truck,2,0,2,18711,18713,0.01
September 30 2022,Pierce,WA,Passenger,5518,2420,7938,540260,548198,1.45
July 31 2022,Adams,WA,Truck,1,0,1,5455,5456,0.02
June 30 2023,Whitman,WA,Passenger,149,79,228,21932,22160,1.03
February 28 2022,Lewis,WA,Truck,0,0,0,26591,26591,0
October 31 2022,Walla Walla,WA,Passenger,190,106,296,35653,35949,0.82
August 31 2023,Walla Walla,WA,Passenger,234,118,352,35387,35739,0.98
September 30 2022,Benton,WA,Passenger,832,480,1312,135357,136669,0.96
February 28 2022,Grant,WA,Passenger,142,99,241,66729,66970,0.36
June 30 2022,Franklin,WA,Passenger,186,109,295,61918,62213,0.47
July 31 2022,Asotin,WA,Passenger,24,19,43,12601,12644,0.34
December 31 2023,Thurston,WA,Truck,92,0,92,53472,53564,0.17
March 31 2023,Klickitat,WA,Passenger,132,59,191,15134,15325,1.25
July 31 2022,Skagit,WA,Truck,5,0,5,32255,32260,0.02
April 30 2023,King,WA,Passenger,53782,13743,67525,1319455,1386980,4.87
June 30 2022,Adams,WA,Passenger,17,10,27,12898,12925,0.21
December 31 2022,Klickitat,WA,Passenger,122,51,173,15089,15262,1.13
February 28 2023,Grant,WA,Passenger,242,114,356,66796,67152,0.53
February 28 2022,Yakima,WA,Passenger,301,178,479,167876,168355,0.28
May 31 2023,Mason,WA,Passenger,430,205,635,46237,46872,1.35
October 31 2023,Chelan,WA,Truck,35,0,35,23148,23183,0.15
July 31 2023,Pend Oreille,WA,Passenger,30,14,44,8838,8882,0.5
December 31 2022,Garfield,WA,Passenger,1,3,4,1300,1304,0.31
August 31 2022,Lewis,WA,Truck,0,0,0,26298,26298,0
January 31 2022,Pacific,WA,Truck,0,0,0,8016,8016,0
May 31 2023,Pacific,WA,Passenger,73,92,165,15566,15731,1.05
May 31 2023,Jefferson,WA,Truck,12,0,12,9302,9314,0.13
June 30 2022,Clark,WA,Truck,7,0,7,82737,82744,0.01
May 31 2022,Asotin,WA,Passenger,23,19,42,12695,12737,0.33
April 30 2022,Columbia,WA,Truck,0,0,0,1586,1586,0
March 31 2023,Grant,WA,Passenger,255,113,368,66840,67208,0.55
October 31 2022,Grays Harbor,WA,Truck,2,0,2,21064,21066,0.01
October 31 2022,Chelan,WA,Truck,8,0,8,23056,23064,0.03
March 31 2022,Walla Walla,WA,Truck,0,0,0,14025,14025,0
December 31 2022,Columbia,WA,Passenger,7,1,8,2434,2442,0.33
August 31 2023,Douglas,WA,Truck,7,0,7,13062,13069,0.05
February 28 2022,Benton,WA,Passenger,662,450,1112,135663,136775,0.81
March 31 2023,Franklin,WA,Passenger,285,130,415,61814,62229,0.67
February 28 2023,Franklin,WA,Passenger,275,128,403,61774,62177,0.65
August 31 2023,Snohomish,WA,Truck,198,0,198,121160,121358,0.16
January 31 2023,Klickitat,WA,Passenger,126,53,179,15117,15296,1.17
September 30 2023,Garfield,WA,Truck,0,0,0,973,973,0
December 31 2022,Franklin,WA,Passenger,252,120,372,61658,62030,0.6
October 31 2023,Okanogan,WA,Passenger,145,75,220,26081,26301,0.84
December 31 2023,Skagit,WA,Truck,32,0,32,31681,31713,0.1
October 31 2022,Pend Oreille,WA,Passenger,18,12,30,8978,9008,0.33
December 31 2022,Klickitat,WA,Truck,4,0,4,8227,8231,0.05
December 31 2023,Clallam,WA,Passenger,667,316,983,48939,49922,1.97
August 31 2022,Island,WA,Truck,8,0,8,21243,21251,0.04
September 30 2023,Asotin,WA,Passenger,40,25,65,12294,12359,0.53
February 28 2023,Whitman,WA,Passenger,124,70,194,21933,22127,0.88
September 30 2022,Pacific,WA,Passenger,70,74,144,15730,15874,0.91
July 31 2022,Garfield,WA,Truck,0,0,0,971,971,0
May 31 2023,Mason,WA,Truck,11,0,11,20694,20705,0.05
February 28 2022,Thurston,WA,Truck,3,0,3,55723,55726,0.01
January 31 2022,Snohomish,WA,Passenger,7215,2276,9491,536105,545596,1.74
December 31 2022,Island,WA,Truck,16,0,16,21145,21161,0.08
September 30 2022,Grant,WA,Passenger,201,108,309,66642,66951,0.46
July 31 2022,Walla Walla,WA,Passenger,175,98,273,35773,36046,0.76
January 31 2023,Skamania,WA,Passenger,93,53,146,8090,8236,1.77
June 30 2023,Island,WA,Truck,31,0,31,20979,21010,0.15
January 31 2023,Whatcom,WA,Truck,37,0,37,42940,42977,0.09
October 31 2023,Mason,WA,Truck,17,0,17,20571,20588,0.08
April 30 2022,Skamania,WA,Truck,0,0,0,3973,3973,0
October 31 2023,Klickitat,WA,Passenger,174,70,244,15059,15303,1.59
September 30 2023,Klickitat,WA,Truck,12,0,12,8205,8217,0.15
April 30 2022,Whitman,WA,Passenger,83,56,139,21995,22134,0.63
December 31 2023,Garfield,WA,Truck,0,0,0,978,978,0
March 31 2023,Whitman,WA,Passenger,130,71,201,21934,22135,0.91
April 30 2023,Snohomish,WA,Passenger,11685,2927,14612,527978,542590,2.69
July 31 2022,Skamania,WA,Truck,0,0,0,3940,3940,0
January 31 2022,Kittitas,WA,Passenger,215,72,287,29791,30078,0.95
April 30 2022,Snohomish,WA,Passenger,7961,2416,10377,533404,543781,1.91
March 31 2023,Wahkiakum,WA,Truck,2,0,2,1786,1788,0.11
February 28 2022,San Juan,WA,Truck,1,0,1,6015,6016,0.02
July 31 2023,San Juan,WA,Passenger,627,175,802,13779,14581,5.5
July 31 2023,Jefferson,WA,Passenger,577,262,839,24239,25078,3.35
June 30 2023,Wahkiakum,WA,Truck,2,0,2,1774,1776,0.11
January 31 2023,Franklin,WA,Truck,4,0,4,20945,20949,0.02
February 28 2023,Island,WA,Truck,19,0,19,21021,21040,0.09
April 30 2023,Stevens,WA,Passenger,107,61,168,29672,29840,0.56
September 30 2022,Lewis,WA,Passenger,251,179,430,59715,60145,0.71
May 31 2022,Pierce,WA,Passenger,4943,2283,7226,545452,552678,1.31
September 30 2023,Spokane,WA,Passenger,2552,1235,3787,321964,325751,1.16
November 30 2023,Yakima,WA,Truck,16,0,16,60851,60867,0.03
April 30 2023,Pierce,WA,Passenger,7124,2667,9791,531522,541313,1.81
April 30 2022,Cowlitz,WA,Truck,0,1,1,28704,28705,0
February 28 2023,Kitsap,WA,Passenger,2889,1169,4058,176095,180153,2.25
April 30 2022,Franklin,WA,Passenger,179,105,284,61926,62210,0.46
January 31 2023,Snohomish,WA,Truck,112,0,112,122283,122395,0.09
October 31 2023,Asotin,WA,Truck,0,0,0,6628,6628,0
August 31 2022,Franklin,WA,Passenger,224,113,337,61859,62196,0.54
October 31 2023,Kitsap,WA,Truck,91,0,91,51917,52008,0.17
August 31 2023,Clallam,WA,Passenger,600,298,898,48961,49859,1.8
November 30 2022,Chelan,WA,Truck,11,0,11,23110,23121,0.05
December 31 2023,Lewis,WA,Passenger,402,308,710,59531,60241,1.18
September 30 2023,San Juan,WA,Passenger,655,185,840,13751,14591,5.76
September 30 2023,Grant,WA,Truck,12,0,12,28089,28101,0.04
October 31 2022,King,WA,Passenger,45294,11903,57197,1339149,1396346,4.1
May 31 2023,Spokane,WA,Truck,38,0,38,101610,101648,0.04
April 30 2022,Whatcom,WA,Truck,4,0,4,43413,43417,0.01
November 30 2022,Jefferson,WA,Passenger,476,230,706,24347,25053,2.82
November 30 2022,Garfield,WA,Truck,0,0,0,976,976,0
August 31 2022,Benton,WA,Passenger,813,470,1283,135130,136413,0.94
May 31 2022,Spokane,WA,Passenger,1538,829,2367,324619,326986,0.72
May 31 2022,King,WA,Truck,43,1,44,181008,181052,0.02
February 28 2023,Whatcom,WA,Passenger,2223,823,3046,148439,151485,2.01
January 31 2023,Lewis,WA,Passenger,280,190,470,59646,60116,0.78
January 31 2022,Kitsap,WA,Truck,0,0,0,54051,54051,0
November 30 2023,Chelan,WA,Truck,39,0,39,23129,23168,0.17
September 30 2023,Pierce,WA,Passenger,8573,2975,11548,527235,538783,2.14
August 31 2023,Snohomish,WA,Passenger,13952,3224,17176,527218,544394,3.16
June 30 2022,Yakima,WA,Passenger,336,190,526,166860,167386,0.31
September 30 2022,Asotin,WA,Passenger,25,19,44,12556,12600,0.35
August 31 2023,Skamania,WA,Truck,1,0,1,3828,3829,0.03
April 30 2023,Thurston,WA,Truck,55,0,55,53977,54032,0.1
February 28 2023,Adams,WA,Passenger,21,11,32,12993,13025,0.25
August 31 2022,Skamania,WA,Passenger,82,50,132,8123,8255,1.6
December 31 2023,Snohomish,WA,Passenger,16063,3581,19644,526494,546138,3.6
February 28 2022,Grays Harbor,WA,Truck,0,0,0,21328,21328,0
March 31 2022,Clark,WA,Passenger,3742,1652,5394,317912,323306,1.67
August 31 2023,Skagit,WA,Truck,26,0,26,31808,31834,0.08
May 31 2023,Whatcom,WA,Passenger,2394,870,3264,147678,150942,2.16
December 31 2023,Walla Walla,WA,Passenger,266,134,400,35400,35800,1.12
December 31 2023,Pend Oreille,WA,Passenger,34,21,55,8750,8805,0.62
November 30 2023,Pacific,WA,Truck,5,0,5,7820,7825,0.06
March 31 2022,Douglas,WA,Passenger,125,56,181,28510,28691,0.63
December 31 2022,King,WA,Passenger,48093,12231,60324,1333878,1394202,4.33
April 30 2023,San Juan,WA,Truck,12,0,12,5933,5945,0.2
October 31 2022,Lincoln,WA,Truck,0,0,0,4850,4850,0
April 30 2022,Clallam,WA,Truck,1,0,1,21974,21975,0
December 31 2023,Clark,WA,Passenger,7157,2645,9802,313691,323493,3.03
August 31 2023,Grant,WA,Passenger,307,139,446,67223,67669,0.66
April 30 2022,Clark,WA,Passenger,3861,1689,5550,317421,322971,1.72
May 31 2022,Pend Oreille,WA,Passenger,16,11,27,8993,9020,0.3
August 31 2023,Lewis,WA,Truck,8,0,8,25852,25860,0.03
June 30 2023,Whatcom,WA,Passenger,2491,881,3372,147751,151123,2.23
February 28 2023,Pend Oreille,WA,Truck,0,0,0,5577,5577,0
October 31 2023,Benton,WA,Truck,31,0,31,43110,43141,0.07
August 31 2022,Kitsap,WA,Truck,19,0,19,53146,53165,0.04
January 31 2023,Grays Harbor,WA,Truck,2,0,2,21035,21037,0.01
August 31 2022,Franklin,WA,Truck,2,0,2,20874,20876,0.01
May 31 2023,Garfield,WA,Passenger,1,3,4,1302,1306,0.31
July 31 2022,San Juan,WA,Truck,4,0,4,5943,5947,0.07
September 30 2023,Ferry,WA,Truck,0,0,0,3541,3541,0
October 31 2023,Kitsap,WA,Passenger,3715,1429,5144,175111,180255,2.85
November 30 2022,Cowlitz,WA,Truck,4,0,4,28360,28364,0.01
April 30 2023,Ferry,WA,Truck,0,0,0,3567,3567,0
May 31 2022,Douglas,WA,Truck,0,0,0,12759,12759,0
July 31 2023,Asotin,WA,Passenger,37,23,60,12331,12391,0.48
July 31 2023,Skamania,WA,Passenger,113,57,170,8039,8209,2.07
April 30 2023,Yakima,WA,Passenger,465,242,707,165716,166423,0.42
June 30 2022,Thurston,WA,Truck,7,0,7,55364,55371,0.01
February 28 2022,Wahkiakum,WA,Passenger,17,11,28,3094,3122,0.9
February 28 2023,Adams,WA,Truck,2,0,2,5372,5374,0.04
July 31 2022,Lincoln,WA,Truck,0,0,0,4827,4827,0
March 31 2022,Lewis,WA,Passenger,224,166,390,59407,59797,0.65
March 31 2023,Okanogan,WA,Truck,3,0,3,16478,16481,0.02
April 30 2023,Garfield,WA,Passenger,1,3,4,1306,1310,0.31
October 31 2022,Spokane,WA,Passenger,1832,907,2739,323698,326437,0.84
March 31 2022,Clallam,WA,Truck,1,0,1,22033,22034,0
July 31 2023,Asotin,WA,Truck,0,0,0,6615,6615,0
April 30 2023,Pierce,WA,Truck,140,0,140,137525,137665,0.1
August 31 2023,San Juan,WA,Passenger,644,176,820,13761,14581,5.62
August 31 2023,Klickitat,WA,Passenger,162,65,227,15083,15310,1.48
December 31 2022,Pacific,WA,Truck,2,0,2,7821,7823,0.03
June 30 2022,Grays Harbor,WA,Passenger,210,160,370,48990,49360,0.75
March 31 2023,Asotin,WA,Truck,0,0,0,6624,6624,0
September 30 2023,Okanogan,WA,Truck,7,0,7,16368,16375,0.04
May 31 2023,Cowlitz,WA,Truck,8,0,8,28238,28246,0.03
May 31 2023,Pierce,WA,Truck,153,0,153,137138,137291,0.11
September 30 2022,Ferry,WA,Truck,0,0,0,3610,3610,0
January 31 2023,Okanogan,WA,Passenger,104,53,157,26106,26263,0.6
August 31 2023,Yakima,WA,Passenger,554,273,827,166064,166891,0.5
October 31 2022,Lewis,WA,Truck,2,0,2,26328,26330,0.01
April 30 2023,Wahkiakum,WA,Truck,2,0,2,1791,1793,0.11
September 30 2023,Walla Walla,WA,Truck,7,0,7,13667,13674,0.05
October 31 2022,Stevens,WA,Passenger,84,56,140,29930,30070,0.47
February 28 2022,Klickitat,WA,Truck,0,0,0,8319,8319,0
December 31 2023,Columbia,WA,Passenger,12,0,12,2412,2424,0.5
June 30 2023,Okanogan,WA,Truck,7,0,7,16436,16443,0.04
September 30 2022,Snohomish,WA,Truck,59,0,59,122904,122963,0.05
September 30 2022,Franklin,WA,Passenger,231,112,343,61811,62154,0.55
May 31 2023,Klickitat,WA,Passenger,144,64,208,15143,15351,1.35
July 31 2023,Grays Harbor,WA,Truck,9,0,9,20918,20927,0.04
November 30 2022,Pacific,WA,Truck,1,0,1,7835,7836,0.01
November 30 2023,Douglas,WA,Truck,8,0,8,13054,13062,0.06
February 28 2023,Clallam,WA,Truck,12,0,12,21814,21826,0.05
December 31 2023,San Juan,WA,Truck,24,0,24,5908,5932,0.4
November 30 2023,Whatcom,WA,Truck,83,0,83,42500,42583,0.19
February 28 2023,Thurston,WA,Truck,49,0,49,54404,54453,0.09
July 31 2023,Whitman,WA,Truck,5,0,5,8614,8619,0.06
September 30 2022,Kittitas,WA,Passenger,289,91,380,29576,29956,1.27
March 31 2022,Cowlitz,WA,Truck,0,1,1,28837,28838,0
July 31 2023,Okanogan,WA,Truck,7,0,7,16404,16411,0.04
December 31 2022,Skamania,WA,Truck,0,0,0,3882,3882,0
October 31 2023,Skagit,WA,Truck,31,0,31,31737,31768,0.1
October 31 2022,Whatcom,WA,Truck,20,0,20,43046,43066,0.05
July 31 2023,Chelan,WA,Passenger,648,168,816,54166,54982,1.48
December 31 2023,Spokane,WA,Truck,62,0,62,101566,101628,0.06
September 30 2022,Pacific,WA,Truck,0,0,0,7851,7851,0
September 30 2022,Clark,WA,Truck,19,0,19,82188,82207,0.02
April 30 2023,King,WA,Truck,635,2,637,175981,176618,0.36
July 31 2022,Asotin,WA,Truck,0,0,0,6673,6673,0
January 31 2023,Spokane,WA,Truck,21,0,21,101664,101685,0.02
March 31 2022,San Juan,WA,Passenger,492,152,644,14115,14759,4.36
August 31 2023,Pend Oreille,WA,Passenger,30,16,46,8856,8902,0.52
January 31 2023,Yakima,WA,Passenger,433,228,661,166229,166890,0.4
March 31 2023,Clark,WA,Truck,77,0,77,81447,81524,0.09
November 30 2022,Pierce,WA,Passenger,5981,2467,8448,538304,546752,1.55
October 31 2023,Thurston,WA,Truck,71,0,71,53562,53633,0.13
October 31 2023,Columbia,WA,Truck,0,0,0,1546,1546,0
October 31 2023,Kittitas,WA,Truck,12,0,12,14599,14611,0.08
March 31 2023,Jefferson,WA,Truck,9,0,9,9317,9326,0.1
February 28 2023,Franklin,WA,Truck,4,0,4,20947,20951,0.02
August 31 2023,Kittitas,WA,Truck,10,0,10,14619,14629,0.07
August 31 2023,Garfield,WA,Passenger,0,3,3,1293,1296,0.23
February 28 2023,Ferry,WA,Truck,0,0,0,3569,3569,0
December 31 2023,Skagit,WA,Passenger,1348,485,1833,88771,90604,2.02
July 31 2023,King,WA,Passenger,59512,14945,74457,1321783,1396240,5.33
November 30 2023,Stevens,WA,Passenger,136,75,211,29516,29727,0.71
July 31 2022,Pend Oreille,WA,Passenger,18,12,30,9016,9046,0.33
January 31 2022,Whatcom,WA,Passenger,1665,672,2337,149321,151658,1.54
February 28 2022,Skagit,WA,Truck,1,0,1,32602,32603,0
October 31 2023,King,WA,Passenger,66345,16164,82509,1318432,1400941,5.89
October 31 2023,Thurston,WA,Passenger,3595,1327,4922,189411,194333,2.53
July 31 2023,Island,WA,Passenger,1111,441,1552,60729,62281,2.49
May 31 2023,Walla Walla,WA,Truck,5,0,5,13752,13757,0.04
January 31 2022,Columbia,WA,Truck,0,0,0,1555,1555,0
July 31 2023,Walla Walla,WA,Truck,6,0,6,13665,13671,0.04
July 31 2022,Yakima,WA,Passenger,353,198,551,166504,167055,0.33
June 30 2022,Kitsap,WA,Truck,4,0,4,53530,53534,0.01
February 28 2023,Okanogan,WA,Passenger,106,56,162,26098,26260,0.62
February 28 2023,Kitsap,WA,Truck,48,0,48,52678,52726,0.09
December 31 2022,Douglas,WA,Truck,3,0,3,12810,12813,0.02
October 31 2022,Grant,WA,Truck,2,0,2,27983,27985,0.01
October 31 2022,Pacific,WA,Passenger,68,74,142,15705,15847,0.9
January 31 2023,Garfield,WA,Passenger,1,3,4,1306,1310,0.31
December 31 2022,Yakima,WA,Passenger,425,217,642,166193,166835,0.38
October 31 2022,Pacific,WA,Truck,1,0,1,7856,7857,0.01
September 30 2023,Benton,WA,Passenger,1269,615,1884,135154,137038,1.37
November 30 2022,Grays Harbor,WA,Passenger,242,161,403,48587,48990,0.82
November 30 2022,Okanogan,WA,Passenger,98,51,149,26203,26352,0.57
July 31 2022,Spokane,WA,Truck,8,0,8,101858,101866,0.01
March 31 2023,Snohomish,WA,Truck,133,0,133,121920,122053,0.11
January 31 2023,San Juan,WA,Truck,9,0,9,5910,5919,0.15
January 31 2022,Grant,WA,Truck,0,0,0,27973,27973,0
October 31 2022,Adams,WA,Truck,1,0,1,5426,5427,0.02
November 30 2022,Clark,WA,Passenger,4776,1973,6749,314470,321219,2.1
April 30 2022,Kittitas,WA,Truck,0,0,0,14712,14712,0
June 30 2022,Grays Harbor,WA,Truck,1,0,1,21302,21303,0
January 31 2023,Pacific,WA,Passenger,72,81,153,15679,15832,0.97
September 30 2023,Okanogan,WA,Passenger,139,70,209,26069,26278,0.8
October 31 2022,Lewis,WA,Passenger,260,182,442,59775,60217,0.73
February 28 2023,Asotin,WA,Passenger,30,20,50,12393,12443,0.4
July 31 2022,Franklin,WA,Truck,1,0,1,20844,20845,0
March 31 2022,Wahkiakum,WA,Passenger,18,11,29,3075,3104,0.93
July 31 2022,Clark,WA,Passenger,4224,1805,6029,315063,321092,1.88
January 31 2022,Cowlitz,WA,Truck,0,1,1,28896,28897,0
September 30 2022,San Juan,WA,Truck,6,0,6,5950,5956,0.1
March 31 2022,Asotin,WA,Passenger,22,18,40,12626,12666,0.32
October 31 2023,San Juan,WA,Truck,18,0,18,5913,5931,0.3
July 31 2022,Island,WA,Passenger,830,378,1208,61496,62704,1.93
April 30 2023,Okanogan,WA,Truck,3,0,3,16453,16456,0.02
August 31 2022,Kittitas,WA,Truck,3,0,3,14610,14613,0.02
June 30 2022,Benton,WA,Truck,3,0,3,43535,43538,0.01
October 31 2022,Thurston,WA,Truck,30,0,30,54739,54769,0.05
March 31 2023,Pierce,WA,Passenger,6822,2622,9444,532756,542200,1.74
June 30 2023,Mason,WA,Passenger,444,205,649,46255,46904,1.38
June 30 2023,Jefferson,WA,Truck,12,0,12,9328,9340,0.13
March 31 2022,Grays Harbor,WA,Truck,0,0,0,21350,21350,0
December 31 2022,Grant,WA,Passenger,231,112,343,66744,67087,0.51
July 31 2023,Whatcom,WA,Truck,63,0,63,42662,42725,0.15
August 31 2023,Thurston,WA,Passenger,3347,1280,4627,189587,194214,2.38
February 28 2023,Pacific,WA,Truck,2,0,2,7808,7810,0.03
February 28 2022,Adams,WA,Truck,0,0,0,5460,5460,0
April 30 2022,Skamania,WA,Passenger,67,46,113,8200,8313,1.36
January 31 2023,Walla Walla,WA,Passenger,203,106,309,35686,35995,0.86
July 31 2023,Grant,WA,Passenger,297,131,428,67064,67492,0.63
August 31 2023,Franklin,WA,Truck,6,0,6,20875,20881,0.03
May 31 2023,Lincoln,WA,Passenger,17,18,35,7683,7718,0.45
August 31 2022,Columbia,WA,Truck,0,0,0,1571,1571,0
April 30 2023,Wahkiakum,WA,Passenger,26,16,42,3046,3088,1.36
November 30 2023,Skamania,WA,Truck,1,0,1,3828,3829,0.03
January 31 2022,Clark,WA,Truck,2,0,2,83812,83814,0
September 30 2022,Whatcom,WA,Truck,14,0,14,43050,43064,0.03
July 31 2022,Chelan,WA,Truck,4,0,4,23024,23028,0.02
December 31 2023,Franklin,WA,Passenger,383,161,544,62337,62881,0.87
August 31 2023,Clark,WA,Truck,113,0,113,81273,81386,0.14
March 31 2023,Walla Walla,WA,Truck,5,0,5,13781,13786,0.04
January 31 2023,Klickitat,WA,Truck,4,0,4,8228,8232,0.05
February 28 2022,Walla Walla,WA,Passenger,152,90,242,36189,36431,0.66
October 31 2023,Cowlitz,WA,Passenger,549,234,783,69737,70520,1.11
August 31 2022,Walla Walla,WA,Truck,2,0,2,13903,13905,0.01
September 30 2022,Adams,WA,Passenger,22,10,32,12970,13002,0.25
September 30 2023,Franklin,WA,Truck,7,0,7,20893,20900,0.03
April 30 2022,Benton,WA,Truck,1,0,1,43553,43554,0
April 30 2022,Lewis,WA,Truck,0,0,0,26421,26421,0
May 31 2023,Thurston,WA,Truck,57,0,57,53911,53968,0.11
September 30 2022,Jefferson,WA,Passenger,456,225,681,24399,25080,2.72
January 31 2023,Spokane,WA,Passenger,1990,949,2939,323466,326405,0.9
January 31 2023,Pierce,WA,Passenger,6381,2540,8921,535986,544907,1.64
November 30 2022,Franklin,WA,Truck,3,0,3,20918,20921,0.01
December 31 2022,Thurston,WA,Truck,38,0,38,54531,54569,0.07
February 28 2022,Island,WA,Passenger,744,349,1093,62101,63194,1.73
June 30 2022,Adams,WA,Truck,1,0,1,5467,5468,0.02
January 31 2023,Grant,WA,Passenger,231,113,344,66784,67128,0.51
January 31 2023,Whatcom,WA,Passenger,2161,819,2980,148475,151455,1.97
September 30 2023,Asotin,WA,Truck,0,0,0,6628,6628,0
May 31 2022,Thurston,WA,Passenger,2122,1027,3149,193857,197006,1.6
December 31 2023,Columbia,WA,Truck,0,0,0,1549,1549,0
May 31 2022,Ferry,WA,Truck,0,0,0,3565,3565,0
May 31 2022,Douglas,WA,Passenger,131,58,189,28493,28682,0.66
July 31 2023,Whitman,WA,Passenger,159,79,238,21920,22158,1.07
May 31 2023,Grant,WA,Passenger,277,122,399,66950,67349,0.59
December 31 2022,Wahkiakum,WA,Truck,1,0,1,1786,1787,0.06
February 28 2022,Skamania,WA,Truck,0,0,0,3995,3995,0
October 31 2022,Asotin,WA,Passenger,26,19,45,12498,12543,0.36
September 30 2023,Wahkiakum,WA,Truck,4,0,4,1765,1769,0.23
August 31 2023,Mason,WA,Truck,14,0,14,20579,20593,0.07
April 30 2022,Stevens,WA,Truck,0,0,0,18960,18960,0
April 30 2023,Island,WA,Truck,27,0,27,20968,20995,0.13
August 31 2022,Thurston,WA,Passenger,2322,1083,3405,192417,195822,1.74
January 31 2022,Pend Oreille,WA,Passenger,17,9,26,9104,9130,0.28
March 31 2022,Ferry,WA,Passenger,17,3,20,4422,4442,0.45
April 30 2022,San Juan,WA,Truck,1,0,1,5983,5984,0.02
July 31 2022,Mason,WA,Passenger,318,173,491,47042,47533,1.03
May 31 2023,Wahkiakum,WA,Truck,2,0,2,1774,1776,0.11
January 31 2022,Klickitat,WA,Truck,0,0,0,8321,8321,0
December 31 2023,Pacific,WA,Truck,6,0,6,7817,7823,0.08
March 31 2023,Wahkiakum,WA,Passenger,24,16,40,3060,3100,1.29
October 31 2023,Pacific,WA,Truck,5,0,5,7806,7811,0.06
July 31 2023,Snohomish,WA,Passenger,13175,3138,16313,527138,543451,3
August 31 2023,Pierce,WA,Passenger,8305,2904,11209,527790,538999,2.08
November 30 2022,Asotin,WA,Passenger,29,20,49,12453,12502,0.39
April 30 2023,Mason,WA,Truck,11,0,11,20770,20781,0.05
February 28 2023,Grant,WA,Truck,7,0,7,28046,28053,0.02
May 31 2023,Stevens,WA,Truck,1,0,1,18712,18713,0.01
July 31 2023,Spokane,WA,Passenger,2362,1133,3495,321970,325465,1.07
June 30 2022,Kittitas,WA,Truck,1,0,1,14651,14652,0.01
August 31 2023,Lincoln,WA,Truck,0,0,0,4842,4842,0
August 31 2022,Klickitat,WA,Passenger,105,54,159,15150,15309,1.04
March 31 2023,Grays Harbor,WA,Truck,2,0,2,20988,20990,0.01
February 28 2023,Chelan,WA,Passenger,564,151,715,54226,54941,1.3
July 31 2022,Klickitat,WA,Truck,0,0,0,8274,8274,0
April 30 2022,Franklin,WA,Truck,0,0,0,20913,20913,0
January 31 2023,Cowlitz,WA,Passenger,418,192,610,70083,70693,0.86
February 28 2022,Pierce,WA,Passenger,4478,2170,6648,551463,558111,1.19
November 30 2022,Jefferson,WA,Truck,6,0,6,9374,9380,0.06
April 30 2022,Kittitas,WA,Passenger,235,78,313,29722,30035,1.04
March 31 2022,Grays Harbor,WA,Passenger,205,157,362,49271,49633,0.73
June 30 2023,Clallam,WA,Passenger,549,284,833,49008,49841,1.67
March 31 2023,Franklin,WA,Truck,5,0,5,20853,20858,0.02
August 31 2022,Clark,WA,Passenger,4342,1850,6192,314967,321159,1.93
June 30 2023,Franklin,WA,Passenger,308,138,446,61920,62366,0.72
July 31 2022,Grant,WA,Truck,0,0,0,27938,27938,0
June 30 2023,Douglas,WA,Passenger,208,63,271,28764,29035,0.93
December 31 2023,Kitsap,WA,Passenger,3943,1517,5460,175143,180603,3.02
January 31 2022,Kittitas,WA,Truck,0,0,0,14769,14769,0
September 30 2023,Mason,WA,Truck,16,0,16,20600,20616,0.08
April 30 2023,Pend Oreille,WA,Passenger,31,13,44,8882,8926,0.49
January 31 2023,Franklin,WA,Passenger,262,124,386,61756,62142,0.62
January 31 2023,Clallam,WA,Truck,9,0,9,21834,21843,0.04
March 31 2022,Pend Oreille,WA,Passenger,16,10,26,9035,9061,0.29
April 30 2023,Clallam,WA,Truck,17,0,17,21734,21751,0.08
April 30 2023,Klickitat,WA,Truck,8,0,8,8257,8265,0.1
December 31 2023,King,WA,Passenger,69524,16679,86203,1315878,1402081,6.15
October 31 2023,Skagit,WA,Passenger,1274,459,1733,88676,90409,1.92
September 30 2022,Skagit,WA,Passenger,870,349,1219,89506,90725,1.34
September 30 2023,Clallam,WA,Truck,18,0,18,21664,21682,0.08
October 31 2023,Garfield,WA,Passenger,0,4,4,1293,1297,0.31
October 31 2023,Whatcom,WA,Truck,77,0,77,42512,42589,0.18
January 31 2023,Clallam,WA,Passenger,500,267,767,49291,50058,1.53
June 30 2022,Skagit,WA,Truck,3,0,3,32311,32314,0.01
July 31 2022,Pierce,WA,Passenger,5234,2330,7564,542467,550031,1.38
December 31 2022,Skagit,WA,Truck,11,0,11,32098,32109,0.03
September 30 2023,Pierce,WA,Truck,193,0,193,135758,135951,0.14
March 31 2022,Skagit,WA,Truck,1,0,1,32515,32516,0
January 31 2022,Island,WA,Truck,1,0,1,21408,21409,0
May 31 2022,Chelan,WA,Truck,2,0,2,23042,23044,0.01
September 30 2022,Thurston,WA,Truck,21,0,21,54900,54921,0.04
November 30 2023,Franklin,WA,Passenger,376,158,534,62283,62817,0.85
January 31 2023,Thurston,WA,Truck,42,0,42,54460,54502,0.08
May 31 2023,Douglas,WA,Passenger,197,60,257,28717,28974,0.89
April 30 2023,Garfield,WA,Truck,0,0,0,978,978,0
July 31 2022,Lincoln,WA,Passenger,9,16,25,7703,7728,0.32
May 31 2022,Stevens,WA,Passenger,65,54,119,30008,30127,0.39
May 31 2023,Skagit,WA,Truck,19,0,19,31905,31924,0.06
February 28 2022,Franklin,WA,Passenger,175,102,277,62004,62281,0.44
March 31 2022,Pierce,WA,Truck,2,0,2,143269,143271,0
December 31 2023,Thurston,WA,Passenger,3789,1404,5193,189372,194565,2.67
May 31 2022,Skamania,WA,Truck,0,0,0,3963,3963,0
July 31 2023,Klickitat,WA,Truck,11,0,11,8198,8209,0.13
July 31 2022,Pacific,WA,Passenger,64,71,135,15803,15938,0.85
June 30 2022,Pierce,WA,Passenger,5053,2302,7355,544667,552022,1.33
May 31 2022,Lewis,WA,Truck,0,0,0,26402,26402,0
February 28 2022,Jefferson,WA,Truck,0,0,0,9575,9575,0
March 31 2022,Kitsap,WA,Truck,1,0,1,53883,53884,0
August 31 2022,Benton,WA,Truck,5,0,5,43366,43371,0.01
April 30 2023,Clark,WA,Passenger,5456,2211,7667,313194,320861,2.39
November 30 2022,Island,WA,Truck,14,0,14,21170,21184,0.07
March 31 2022,Thurston,WA,Passenger,2024,1000,3024,194847,197871,1.53
July 31 2023,Whatcom,WA,Passenger,2563,906,3469,147770,151239,2.29
September 30 2023,Benton,WA,Truck,30,0,30,43128,43158,0.07
February 28 2022,Chelan,WA,Passenger,429,121,550,54526,55076,1
October 31 2022,Grays Harbor,WA,Passenger,231,166,397,48658,49055,0.81
August 31 2023,Clallam,WA,Truck,18,0,18,21653,21671,0.08
July 31 2023,Walla Walla,WA,Passenger,226,115,341,35357,35698,0.96
March 31 2023,Lincoln,WA,Passenger,18,17,35,7693,7728,0.45
February 28 2022,Whatcom,WA,Truck,4,0,4,43556,43560,0.01
November 30 2022,Benton,WA,Passenger,909,491,1400,135595,136995,1.02
July 31 2022,Island,WA,Truck,6,0,6,21253,21259,0.03
July 31 2023,Clallam,WA,Truck,18,0,18,21702,21720,0.08
May 31 2022,Skagit,WA,Passenger,760,332,1092,89967,91059,1.2
March 31 2022,Kittitas,WA,Passenger,224,75,299,29769,30068,0.99
November 30 2023,Benton,WA,Passenger,1358,640,1998,135388,137386,1.45
March 31 2022,Spokane,WA,Truck,0,0,0,102320,102320,0
July 31 2023,Franklin,WA,Passenger,322,143,465,61915,62380,0.75
September 30 2023,Cowlitz,WA,Truck,10,0,10,28021,28031,0.04
March 31 2023,Thurston,WA,Passenger,2823,1172,3995,190307,194302,2.06
October 31 2023,Pend Oreille,WA,Passenger,31,19,50,8809,8859,0.56
February 28 2022,Clallam,WA,Passenger,394,243,637,50094,50731,1.26
October 31 2022,Spokane,WA,Truck,14,0,14,101677,101691,0.01
February 28 2023,Lewis,WA,Passenger,292,191,483,59646,60129,0.8
December 31 2022,Skamania,WA,Passenger,89,52,141,8088,8229,1.71
February 28 2023,Spokane,WA,Passenger,2035,977,3012,323047,326059,0.92
September 30 2022,Pierce,WA,Truck,46,0,46,140168,140214,0.03
December 31 2022,Spokane,WA,Passenger,1935,930,2865,323553,326418,0.88
June 30 2023,Pacific,WA,Passenger,74,92,166,15578,15744,1.05
June 30 2022,Douglas,WA,Passenger,131,58,189,28470,28659,0.66
June 30 2023,Pierce,WA,Truck,164,0,164,137042,137206,0.12
July 31 2023,King,WA,Truck,781,2,783,174781,175564,0.45
December 31 2022,Whitman,WA,Passenger,110,67,177,21874,22051,0.8
October 31 2022,Jefferson,WA,Truck,5,0,5,9383,9388,0.05
March 31 2023,Skagit,WA,Truck,17,0,17,31990,32007,0.05
October 31 2022,Kittitas,WA,Passenger,290,94,384,29539,29923,1.28
May 31 2022,Jefferson,WA,Passenger,425,216,641,24576,25217,2.54
December 31 2022,Cowlitz,WA,Truck,4,0,4,28324,28328,0.01
March 31 2022,Pacific,WA,Truck,0,0,0,8000,8000,0
January 31 2023,Adams,WA,Truck,1,0,1,5384,5385,0.02
September 30 2023,Mason,WA,Passenger,498,214,712,46118,46830,1.52
September 30 2022,Columbia,WA,Truck,0,0,0,1571,1571,0
June 30 2023,Yakima,WA,Truck,13,0,13,61061,61074,0.02
April 30 2022,Wahkiakum,WA,Truck,0,0,0,1814,1814,0
January 31 2022,King,WA,Truck,14,1,15,182503,182518,0.01
January 31 2022,Franklin,WA,Truck,0,0,0,20865,20865,0
June 30 2022,Yakima,WA,Truck,1,0,1,61364,61365,0
May 31 2022,Grays Harbor,WA,Passenger,205,158,363,49038,49401,0.73
July 31 2023,Clallam,WA,Passenger,569,293,862,48969,49831,1.73
February 28 2023,Douglas,WA,Truck,6,0,6,12873,12879,0.05
February 28 2023,Klickitat,WA,Truck,4,0,4,8264,8268,0.05
June 30 2022,Kitsap,WA,Passenger,2391,1054,3445,178063,181508,1.9
January 31 2023,Walla Walla,WA,Truck,3,0,3,13861,13864,0.02
September 30 2023,Thurston,WA,Passenger,3449,1303,4752,189540,194292,2.45
April 30 2022,Asotin,WA,Truck,0,0,0,6738,6738,0
August 31 2022,Spokane,WA,Truck,10,0,10,101817,101827,0.01
July 31 2023,Stevens,WA,Passenger,117,68,185,29542,29727,0.62
July 31 2022,Skagit,WA,Passenger,813,345,1158,89675,90833,1.27
October 31 2022,Jefferson,WA,Passenger,466,226,692,24373,25065,2.76
June 30 2022,Douglas,WA,Truck,0,0,0,12778,12778,0
January 31 2022,Benton,WA,Passenger,652,452,1104,135781,136885,0.81
July 31 2022,Kitsap,WA,Truck,13,0,13,53278,53291,0.02
January 31 2022,Thurston,WA,Truck,3,0,3,55804,55807,0.01
December 31 2023,Asotin,WA,Truck,0,0,0,6596,6596,0
October 31 2022,Mason,WA,Passenger,347,184,531,46875,47406,1.12
May 31 2023,Yakima,WA,Passenger,483,249,732,165776,166508,0.44
January 31 2023,Douglas,WA,Passenger,171,57,228,28560,28788,0.79
September 30 2022,Adams,WA,Truck,1,0,1,5422,5423,0.02
November 30 2022,Ferry,WA,Passenger,24,4,28,4355,4383,0.64
May 31 2023,Snohomish,WA,Passenger,12176,2987,15163,527674,542837,2.79
June 30 2023,Pend Oreille,WA,Truck,0,0,0,5606,5606,0
May 31 2023,San Juan,WA,Passenger,609,176,785,13805,14590,5.38
February 28 2023,King,WA,Passenger,50948,12794,63742,1327353,1391095,4.58
November 30 2022,Benton,WA,Truck,7,0,7,43358,43365,0.02
February 28 2022,Snohomish,WA,Passenger,7447,2310,9757,535357,545114,1.79
April 30 2022,Grant,WA,Passenger,159,98,257,66818,67075,0.38
January 31 2022,Skamania,WA,Passenger,60,43,103,8292,8395,1.23
May 31 2022,Skagit,WA,Truck,2,0,2,32364,32366,0.01
October 31 2022,Douglas,WA,Passenger,158,59,217,28401,28618,0.76
April 30 2022,Klickitat,WA,Truck,0,0,0,8271,8271,0
June 30 2022,King,WA,Truck,66,1,67,180693,180760,0.04
June 30 2023,King,WA,Passenger,57602,14676,72278,1323394,1395672,5.18
February 28 2023,Kittitas,WA,Passenger,319,92,411,29494,29905,1.37
October 31 2022,Klickitat,WA,Truck,3,0,3,8239,8242,0.04
March 31 2023,Pacific,WA,Truck,3,0,3,7807,7810,0.04
July 31 2023,Benton,WA,Passenger,1172,578,1750,135157,136907,1.28
October 31 2023,Douglas,WA,Passenger,236,77,313,28779,29092,1.08
October 31 2022,Skamania,WA,Truck,0,0,0,3894,3894,0
September 30 2023,Columbia,WA,Passenger,12,0,12,2429,2441,0.49
August 31 2022,Adams,WA,Truck,1,0,1,5432,5433,0.02
February 28 2022,Wahkiakum,WA,Truck,0,0,0,1813,1813,0
December 31 2023,Kitsap,WA,Truck,107,0,107,51878,51985,0.21
April 30 2023,Lewis,WA,Truck,6,0,6,26049,26055,0.02
May 31 2022,Klickitat,WA,Passenger,98,54,152,15219,15371,0.99
August 31 2023,Kitsap,WA,Truck,84,0,84,52064,52148,0.16
February 28 2022,Asotin,WA,Truck,0,0,0,6730,6730,0
August 31 2022,Lincoln,WA,Truck,0,0,0,4837,4837,0
June 30 2022,Cowlitz,WA,Truck,2,1,3,28522,28525,0.01
February 28 2022,Cowlitz,WA,Truck,0,1,1,28878,28879,0
October 31 2022,Kitsap,WA,Passenger,2628,1125,3753,176872,180625,2.08
November 30 2023,Skagit,WA,Truck,30,0,30,31700,31730,0.09
October 31 2023,Douglas,WA,Truck,8,0,8,13043,13051,0.06
June 30 2023,Stevens,WA,Passenger,113,66,179,29610,29789,0.6
February 28 2022,Pierce,WA,Truck,2,0,2,143831,143833,0
December 31 2023,Kittitas,WA,Truck,24,0,24,14611,14635,0.16
September 30 2023,Wahkiakum,WA,Passenger,27,19,46,3040,3086,1.49
January 31 2023,Kitsap,WA,Passenger,2833,1160,3993,176378,180371,2.21
October 31 2023,Wahkiakum,WA,Passenger,27,20,47,3048,3095,1.52
June 30 2022,Stevens,WA,Passenger,69,54,123,30073,30196,0.41
March 31 2022,Spokane,WA,Passenger,1438,797,2235,325237,327472,0.68
October 31 2022,Yakima,WA,Truck,5,0,5,61187,61192,0.01
March 31 2023,King,WA,Passenger,52042,13140,65182,1320077,1385259,4.71
March 31 2022,Grant,WA,Passenger,151,100,251,66793,67044,0.37
August 31 2022,Clallam,WA,Passenger,436,247,683,49483,50166,1.36
August 31 2023,Grant,WA,Truck,12,0,12,28094,28106,0.04
October 31 2022,Benton,WA,Truck,7,0,7,43290,43297,0.02
January 31 2022,Whitman,WA,Passenger,69,58,127,21917,22044,0.58
February 28 2023,Skamania,WA,Passenger,93,53,146,8091,8237,1.77
November 30 2022,Adams,WA,Passenger,22,11,33,12992,13025,0.25
February 28 2023,Island,WA,Passenger,972,410,1382,61041,62423,2.21
June 30 2023,Thurston,WA,Passenger,3098,1235,4333,189802,194135,2.23
December 31 2022,Grant,WA,Truck,4,0,4,28018,28022,0.01
April 30 2023,Klickitat,WA,Passenger,138,60,198,15128,15326,1.29
October 31 2022,Mason,WA,Truck,6,0,6,20885,20891,0.03
November 30 2022,Clark,WA,Truck,39,0,39,81920,81959,0.05
August 31 2022,Wahkiakum,WA,Passenger,24,12,36,3078,3114,1.16
October 31 2023,Klickitat,WA,Truck,13,0,13,8225,8238,0.16
July 31 2023,Pacific,WA,Truck,4,0,4,7820,7824,0.05
February 28 2023,Benton,WA,Passenger,986,518,1504,135543,137047,1.1
January 31 2023,Wahkiakum,WA,Passenger,25,15,40,3048,3088,1.3
February 28 2023,Stevens,WA,Passenger,99,57,156,29857,30013,0.52
May 31 2022,Pacific,WA,Truck,0,0,0,7939,7939,0
November 30 2023,Wahkiakum,WA,Truck,4,0,4,1759,1763,0.23
August 31 2022,Pacific,WA,Truck,0,0,0,7844,7844,0
December 31 2022,Clallam,WA,Passenger,484,262,746,49355,50101,1.49
May 31 2023,King,WA,Passenger,55575,14199,69774,1321135,1390909,5.02
November 30 2022,Pend Oreille,WA,Passenger,19,13,32,8951,8983,0.36
February 28 2022,Kitsap,WA,Truck,0,0,0,53986,53986,0
October 31 2022,Pierce,WA,Truck,62,0,62,139900,139962,0.04
May 31 2022,Wahkiakum,WA,Passenger,22,10,32,3083,3115,1.03
September 30 2022,Lincoln,WA,Truck,0,0,0,4842,4842,0
September 30 2022,Mason,WA,Passenger,336,175,511,46850,47361,1.08
December 31 2022,San Juan,WA,Truck,8,0,8,5911,5919,0.14
February 28 2022,Lincoln,WA,Passenger,7,17,24,7675,7699,0.31
May 31 2023,Clark,WA,Passenger,5646,2278,7924,313301,321225,2.47
December 31 2023,Okanogan,WA,Truck,8,0,8,16364,16372,0.05
December 31 2023,Benton,WA,Truck,36,0,36,42991,43027,0.08
August 31 2022,Columbia,WA,Passenger,8,0,8,2432,2440,0.33
July 31 2023,Adams,WA,Passenger,23,12,35,13041,13076,0.27
January 31 2023,Grays Harbor,WA,Passenger,260,164,424,48533,48957,0.87
May 31 2023,Benton,WA,Passenger,1119,560,1679,135363,137042,1.23
September 30 2022,Spokane,WA,Truck,12,0,12,101746,101758,0.01
September 30 2023,Pend Oreille,WA,Passenger,31,16,47,8831,8878,0.53
November 30 2022,King,WA,Truck,337,2,339,178701,179040,0.19
April 30 2022,Grant,WA,Truck,0,0,0,28059,28059,0
August 31 2022,Adams,WA,Passenger,21,9,30,12927,12957,0.23
December 31 2023,Spokane,WA,Passenger,2859,1407,4266,322756,327022,1.3
November 30 2022,Lincoln,WA,Truck,0,0,0,4848,4848,0
March 31 2022,King,WA,Truck,25,1,26,181850,181876,0.01
January 31 2023,Pierce,WA,Truck,97,0,97,138890,138987,0.07
April 30 2023,Thurston,WA,Passenger,2907,1191,4098,190110,194208,2.11
March 31 2022,Columbia,WA,Passenger,6,0,6,2444,2450,0.24
December 31 2022,Wahkiakum,WA,Passenger,26,13,39,3032,3071,1.27
August 31 2023,Wahkiakum,WA,Passenger,26,18,44,3025,3069,1.43
February 28 2022,Snohomish,WA,Truck,3,0,3,125063,125066,0
December 31 2023,Yakima,WA,Truck,15,0,15,60926,60941,0.02
January 31 2023,Kittitas,WA,Truck,5,0,5,14548,14553,0.03
November 30 2022,Stevens,WA,Passenger,88,56,144,29944,30088,0.48
February 28 2023,Klickitat,WA,Passenger,126,57,183,15098,15281,1.2
November 30 2023,Kittitas,WA,Truck,19,0,19,14621,14640,0.13
June 30 2022,San Juan,WA,Truck,1,0,1,5982,5983,0.02
April 30 2022,Kitsap,WA,Passenger,2324,1020,3344,178537,181881,1.84
May 31 2023,Franklin,WA,Passenger,301,137,438,61957,62395,0.7
October 31 2023,Spokane,WA,Truck,48,0,48,101714,101762,0.05
February 28 2023,Jefferson,WA,Passenger,510,243,753,24235,24988,3.01
December 31 2023,Pend Oreille,WA,Truck,2,0,2,5578,5580,0.04
July 31 2022,Snohomish,WA,Truck,27,0,27,123384,123411,0.02
November 30 2022,Skamania,WA,Truck,0,0,0,3890,3890,0
May 31 2022,Grant,WA,Truck,0,0,0,27971,27971,0
December 31 2022,Chelan,WA,Passenger,535,142,677,54179,54856,1.23
August 31 2022,Cowlitz,WA,Truck,2,0,2,28420,28422,0.01
April 30 2022,Pacific,WA,Truck,0,0,0,7969,7969,0
January 31 2022,Skamania,WA,Truck,0,0,0,3984,3984,0
April 30 2023,San Juan,WA,Passenger,600,175,775,13811,14586,5.31
June 30 2022,San Juan,WA,Passenger,513,157,670,14047,14717,4.55
August 31 2023,Whatcom,WA,Truck,66,0,66,42608,42674,0.15
January 31 2023,Grant,WA,Truck,5,0,5,28003,28008,0.02
December 31 2022,Jefferson,WA,Truck,6,0,6,9354,9360,0.06
March 31 2022,Kitsap,WA,Passenger,2274,1005,3279,178782,182061,1.8
May 31 2022,Lewis,WA,Passenger,229,175,404,59425,59829,0.68
November 30 2022,Grant,WA,Truck,4,0,4,27948,27952,0.01
November 30 2023,Skagit,WA,Passenger,1310,473,1783,88740,90523,1.97
October 31 2022,Clallam,WA,Truck,7,0,7,21865,21872,0.03
August 31 2023,Benton,WA,Passenger,1208,594,1802,135143,136945,1.32
November 30 2022,Adams,WA,Truck,1,0,1,5396,5397,0.02
December 31 2023,Ferry,WA,Truck,0,0,0,3534,3534,0
June 30 2022,Pacific,WA,Passenger,61,71,132,15862,15994,0.83
April 30 2022,Chelan,WA,Passenger,447,124,571,54469,55040,1.04
December 31 2022,Benton,WA,Truck,10,0,10,43287,43297,0.02
May 31 2023,Whitman,WA,Passenger,143,75,218,21903,22121,0.99
January 31 2022,Wahkiakum,WA,Truck,0,0,0,1814,1814,0
May 31 2023,Island,WA,Truck,28,0,28,20926,20954,0.13
December 31 2023,Kittitas,WA,Passenger,463,119,582,29406,29988,1.94
June 30 2023,Jefferson,WA,Passenger,558,256,814,24295,25109,3.24
November 30 2022,Skagit,WA,Passenger,906,352,1258,89277,90535,1.39
July 31 2023,Mason,WA,Passenger,467,212,679,46211,46890,1.45
February 28 2022,Franklin,WA,Truck,0,0,0,20897,20897,0
January 31 2023,Thurston,WA,Passenger,2691,1141,3832,191226,195058,1.96
November 30 2023,Spokane,WA,Truck,54,0,54,101630,101684,0.05
April 30 2023,Spokane,WA,Passenger,2157,1027,3184,321464,324648,0.98
November 30 2023,Okanogan,WA,Truck,8,0,8,16344,16352,0.05
July 31 2023,Garfield,WA,Truck,0,0,0,977,977,0
April 30 2023,Kitsap,WA,Passenger,3057,1230,4287,175553,179840,2.38
December 31 2023,Chelan,WA,Truck,40,0,40,23114,23154,0.17
January 31 2023,Snohomish,WA,Passenger,10581,2788,13369,529494,542863,2.46
September 30 2022,Chelan,WA,Truck,6,0,6,23062,23068,0.03
September 30 2022,Snohomish,WA,Passenger,9061,2620,11681,530327,542008,2.16
September 30 2023,Skagit,WA,Passenger,1236,449,1685,88611,90296,1.87
September 30 2022,Okanogan,WA,Passenger,91,49,140,26260,26400,0.53
December 31 2023,Pierce,WA,Truck,235,0,235,134701,134936,0.17
December 31 2023,Asotin,WA,Passenger,41,25,66,12269,12335,0.54
June 30 2023,Columbia,WA,Passenger,11,1,12,2407,2419,0.5
August 31 2022,Whatcom,WA,Truck,13,0,13,43094,43107,0.03
April 30 2022,Whatcom,WA,Passenger,1776,715,2491,148851,151342,1.65
April 30 2022,King,WA,Passenger,39283,10819,50102,1347850,1397952,3.58
November 30 2023,Clallam,WA,Passenger,653,309,962,48983,49945,1.93
November 30 2022,Walla Walla,WA,Passenger,201,107,308,35639,35947,0.86
August 31 2023,Island,WA,Passenger,1150,446,1596,60822,62418,2.56
March 31 2022,Island,WA,Passenger,756,358,1114,62058,63172,1.76
January 31 2023,Lewis,WA,Truck,2,0,2,26237,26239,0.01
May 31 2023,Benton,WA,Truck,23,0,23,43140,43163,0.05
April 30 2023,Lincoln,WA,Truck,0,0,0,4828,4828,0
March 31 2023,Benton,WA,Truck,16,0,16,43320,43336,0.04
May 31 2023,Yakima,WA,Truck,12,0,12,61069,61081,0.02
December 31 2022,Asotin,WA,Truck,0,0,0,6654,6654,0
May 31 2023,Asotin,WA,Truck,0,0,0,6613,6613,0
April 30 2022,Douglas,WA,Truck,0,0,0,12736,12736,0
December 31 2023,Lincoln,WA,Truck,0,0,0,4799,4799,0
September 30 2022,Lewis,WA,Truck,1,0,1,26324,26325,0
March 31 2023,Klickitat,WA,Truck,6,0,6,8277,8283,0.07
May 31 2022,Jefferson,WA,Truck,0,0,0,9489,9489,0
December 31 2022,Kitsap,WA,Passenger,2763,1145,3908,176495,180403,2.17
September 30 2022,Douglas,WA,Truck,1,0,1,12775,12776,0.01
September 30 2023,Adams,WA,Truck,3,0,3,5366,5369,0.06
February 28 2022,Yakima,WA,Truck,0,0,0,61622,61622,0
January 31 2022,Asotin,WA,Passenger,23,17,40,12643,12683,0.32
November 30 2023,Lincoln,WA,Passenger,21,25,46,7602,7648,0.6
September 30 2023,Douglas,WA,Passenger,223,71,294,28750,29044,1.01
July 31 2023,Columbia,WA,Passenger,11,1,12,2424,2436,0.49
December 31 2022,Snohomish,WA,Passenger,10168,2760,12928,529352,542280,2.38
June 30 2022,Lincoln,WA,Passenger,8,18,26,7697,7723,0.34
March 31 2022,Pend Oreille,WA,Truck,0,0,0,5674,5674,0
June 30 2023,Grant,WA,Passenger,282,126,408,67080,67488,0.6
June 30 2022,Jefferson,WA,Passenger,435,218,653,24550,25203,2.59
June 30 2022,Okanogan,WA,Truck,1,0,1,16630,16631,0.01
March 31 2023,Ferry,WA,Truck,0,0,0,3568,3568,0
June 30 2023,Kitsap,WA,Passenger,3233,1292,4525,175376,179901,2.52
June 30 2023,Adams,WA,Passenger,24,12,36,13074,13110,0.27
October 31 2023,Lewis,WA,Truck,8,0,8,25734,25742,0.03
October 31 2022,Whatcom,WA,Passenger,1992,783,2775,148451,151226,1.84
March 31 2023,Yakima,WA,Passenger,455,238,693,165819,166512,0.42
October 31 2023,Stevens,WA,Passenger,131,72,203,29542,29745,0.68
January 31 2022,Douglas,WA,Passenger,118,56,174,28568,28742,0.61
August 31 2022,Thurston,WA,Truck,17,0,17,55003,55020,0.03
September 30 2022,Douglas,WA,Passenger,148,61,209,28414,28623,0.73
February 28 2023,Skagit,WA,Passenger,983,377,1360,89089,90449,1.5
December 31 2023,Whatcom,WA,Passenger,2965,1057,4022,147894,151916,2.65
September 30 2022,Walla Walla,WA,Passenger,187,104,291,35769,36060,0.81
November 30 2023,Adams,WA,Passenger,28,15,43,13088,13131,0.33
February 28 2023,Stevens,WA,Truck,2,0,2,18728,18730,0.01
July 31 2023,Spokane,WA,Truck,41,0,41,101526,101567,0.04
September 30 2023,Adams,WA,Passenger,26,13,39,13103,13142,0.3
April 30 2022,Grays Harbor,WA,Passenger,200,158,358,49173,49531,0.72
September 30 2023,Lewis,WA,Passenger,366,274,640,59285,59925,1.07
November 30 2023,Jefferson,WA,Passenger,635,272,907,24152,25059,3.62
February 28 2023,Grays Harbor,WA,Passenger,272,171,443,48549,48992,0.9
July 31 2022,Garfield,WA,Passenger,1,3,4,1317,1321,0.3
January 31 2022,Snohomish,WA,Truck,3,0,3,125214,125217,0
April 30 2022,Walla Walla,WA,Passenger,163,91,254,35991,36245,0.7
July 31 2022,Thurston,WA,Passenger,2237,1062,3299,192898,196197,1.68
January 31 2022,Skagit,WA,Truck,1,0,1,32624,32625,0
October 31 2023,Clark,WA,Passenger,6777,2530,9307,313391,322698,2.88
January 31 2022,Lewis,WA,Passenger,211,167,378,59445,59823,0.63
April 30 2022,Island,WA,Passenger,777,365,1142,61891,63033,1.81
April 30 2022,Pend Oreille,WA,Truck,0,0,0,5642,5642,0
June 30 2023,Franklin,WA,Truck,5,0,5,20893,20898,0.02
September 30 2022,Grays Harbor,WA,Passenger,224,166,390,48718,49108,0.79
February 28 2023,Benton,WA,Truck,15,0,15,43310,43325,0.03
August 31 2023,Benton,WA,Truck,27,0,27,43172,43199,0.06
November 30 2022,Spokane,WA,Passenger,1891,912,2803,323659,326462,0.86
September 30 2023,Kittitas,WA,Passenger,398,110,508,29328,29836,1.7
July 31 2023,Lincoln,WA,Passenger,19,20,39,7621,7660,0.51
May 31 2023,Island,WA,Passenger,1041,429,1470,60879,62349,2.36
June 30 2023,Klickitat,WA,Truck,12,0,12,8225,8237,0.15
June 30 2023,Grant,WA,Truck,11,0,11,28074,28085,0.04
September 30 2022,Grays Harbor,WA,Truck,2,0,2,21150,21152,0.01
May 31 2022,Franklin,WA,Truck,0,0,0,20897,20897,0
March 31 2023,Jefferson,WA,Passenger,525,247,772,24258,25030,3.08
December 31 2023,Skamania,WA,Passenger,139,52,191,8015,8206,2.33
October 31 2022,Columbia,WA,Passenger,8,1,9,2437,2446,0.37
November 30 2022,Snohomish,WA,Passenger,9868,2713,12581,529785,542366,2.32
February 28 2023,Lincoln,WA,Passenger,16,17,33,7736,7769,0.42
April 30 2022,Island,WA,Truck,1,0,1,21390,21391,0
March 31 2023,Lewis,WA,Truck,5,0,5,26079,26084,0.02
August 31 2023,Pacific,WA,Truck,5,0,5,7832,7837,0.06
September 30 2022,Skamania,WA,Passenger,85,51,136,8094,8230,1.65
December 31 2022,Grays Harbor,WA,Truck,2,0,2,21052,21054,0.01
September 30 2023,Douglas,WA,Truck,8,0,8,13071,13079,0.06
September 30 2023,Island,WA,Passenger,1182,457,1639,60794,62433,2.63
June 30 2023,Pacific,WA,Truck,4,0,4,7817,7821,0.05
November 30 2022,King,WA,Passenger,46957,12030,58987,1337034,1396021,4.23
May 31 2023,Garfield,WA,Truck,0,0,0,975,975,0
August 31 2023,Wahkiakum,WA,Truck,4,0,4,1767,1771,0.23
January 31 2022,Skagit,WA,Passenger,702,307,1009,90748,91757,1.1
January 31 2022,Cowlitz,WA,Passenger,273,164,437,71242,71679,0.61
May 31 2022,Spokane,WA,Truck,1,0,1,102076,102077,0
September 30 2023,Yakima,WA,Passenger,577,276,853,166161,167014,0.51
August 31 2022,Asotin,WA,Passenger,24,18,42,12560,12602,0.33
February 28 2022,Lewis,WA,Passenger,219,168,387,59368,59755,0.65
January 31 2022,Lincoln,WA,Truck,0,0,0,4829,4829,0
March 31 2023,Pierce,WA,Truck,126,0,126,137934,138060,0.09
October 31 2022,Island,WA,Truck,13,0,13,21183,21196,0.06
November 30 2023,Walla Walla,WA,Passenger,260,128,388,35399,35787,1.08
July 31 2022,Franklin,WA,Passenger,203,110,313,61769,62082,0.5
July 31 2023,Kittitas,WA,Passenger,367,107,474,29332,29806,1.59
October 31 2023,Wahkiakum,WA,Truck,4,0,4,1762,1766,0.23
March 31 2022,Columbia,WA,Truck,0,0,0,1587,1587,0
November 30 2022,Kitsap,WA,Truck,27,0,27,52871,52898,0.05
October 31 2022,Clark,WA,Passenger,4600,1919,6519,314506,321025,2.03
March 31 2022,Snohomish,WA,Truck,4,0,4,124735,124739,0
April 30 2023,Columbia,WA,Passenger,8,1,9,2403,2412,0.37
June 30 2023,Skagit,WA,Passenger,1107,414,1521,88790,90311,1.68
August 31 2023,Adams,WA,Truck,3,0,3,5367,5370,0.06
June 30 2023,Douglas,WA,Truck,6,0,6,12993,12999,0.05
May 31 2023,Whitman,WA,Truck,4,0,4,8584,8588,0.05
October 31 2023,King,WA,Truck,898,2,900,173524,174424,0.52
November 30 2023,Grant,WA,Passenger,355,160,515,67382,67897,0.76
December 31 2022,Pacific,WA,Passenger,74,80,154,15689,15843,0.97
January 31 2022,Whatcom,WA,Truck,3,0,3,43567,43570,0.01
February 28 2023,Cowlitz,WA,Passenger,425,192,617,70092,70709,0.87
December 31 2022,Lincoln,WA,Passenger,12,18,30,7747,7777,0.39
November 30 2022,Thurston,WA,Truck,34,0,34,54617,54651,0.06
April 30 2022,Clark,WA,Truck,3,0,3,83146,83149,0
May 31 2022,Adams,WA,Passenger,16,10,26,12924,12950,0.2
February 28 2023,San Juan,WA,Truck,10,0,10,5898,5908,0.17
July 31 2023,Pacific,WA,Passenger,76,93,169,15586,15755,1.07
November 30 2023,Franklin,WA,Truck,9,0,9,20908,20917,0.04
August 31 2023,Pierce,WA,Truck,181,0,181,136145,136326,0.13
April 30 2023,Cowlitz,WA,Truck,8,0,8,28227,28235,0.03
August 31 2023,Jefferson,WA,Truck,12,0,12,9327,9339,0.13
May 31 2022,Whitman,WA,Passenger,84,58,142,21971,22113,0.64
August 31 2022,Skagit,WA,Truck,5,0,5,32184,32189,0.02
August 31 2023,Stevens,WA,Passenger,123,69,192,29530,29722,0.65
July 31 2022,King,WA,Truck,123,2,125,180149,180274,0.07
March 31 2023,Adams,WA,Truck,2,0,2,5352,5354,0.04
June 30 2023,Benton,WA,Truck,25,0,25,43170,43195,0.06
April 30 2023,Chelan,WA,Passenger,603,154,757,54129,54886,1.38
November 30 2022,Wahkiakum,WA,Truck,1,0,1,1802,1803,0.06
August 31 2022,Yakima,WA,Truck,1,0,1,61317,61318,0
October 31 2023,Pierce,WA,Truck,197,0,197,135298,135495,0.15
November 30 2023,Island,WA,Truck,38,0,38,20832,20870,0.18
April 30 2023,Jefferson,WA,Truck,10,0,10,9315,9325,0.11
September 30 2022,Whitman,WA,Passenger,96,64,160,21887,22047,0.73
August 31 2023,Cowlitz,WA,Truck,10,0,10,28079,28089,0.04
January 31 2023,Skagit,WA,Truck,11,0,11,32057,32068,0.03
May 31 2022,Walla Walla,WA,Passenger,171,96,267,35923,36190,0.74
September 30 2022,Skamania,WA,Truck,0,0,0,3901,3901,0
December 31 2023,Chelan,WA,Passenger,760,210,970,54286,55256,1.76
June 30 2022,Whatcom,WA,Truck,7,0,7,43314,43321,0.02
July 31 2022,Grays Harbor,WA,Truck,2,0,2,21214,21216,0.01
July 31 2023,Benton,WA,Truck,26,0,26,43120,43146,0.06
September 30 2022,Kitsap,WA,Truck,23,0,23,53077,53100,0.04
February 28 2022,Okanogan,WA,Truck,0,0,0,16696,16696,0
October 31 2023,Ferry,WA,Passenger,23,4,27,4301,4328,0.62
September 30 2023,Franklin,WA,Passenger,358,151,509,62080,62589,0.81
May 31 2022,Lincoln,WA,Truck,0,0,0,4837,4837,0
June 30 2022,Skamania,WA,Passenger,73,47,120,8185,8305,1.44
June 30 2022,Wahkiakum,WA,Passenger,23,11,34,3071,3105,1.1
April 30 2023,Grant,WA,Truck,10,0,10,27964,27974,0.04
January 31 2023,Okanogan,WA,Truck,2,0,2,16422,16424,0.01
March 31 2023,San Juan,WA,Passenger,593,174,767,13842,14609,5.25
August 31 2022,Clallam,WA,Truck,4,0,4,21854,21858,0.02
July 31 2022,Jefferson,WA,Truck,3,0,3,9449,9452,0.03
December 31 2023,Douglas,WA,Truck,11,0,11,13042,13053,0.08
June 30 2022,Wahkiakum,WA,Truck,0,0,0,1803,1803,0
April 30 2022,Skagit,WA,Passenger,753,328,1081,90167,91248,1.18
August 31 2023,Cowlitz,WA,Passenger,520,229,749,69828,70577,1.06
November 30 2023,Grays Harbor,WA,Truck,12,0,12,20836,20848,0.06
March 31 2022,Franklin,WA,Truck,0,0,0,20909,20909,0
April 30 2022,Stevens,WA,Passenger,65,52,117,30047,30164,0.39
December 31 2022,Thurston,WA,Passenger,2618,1130,3748,191511,195259,1.92
January 31 2022,Wahkiakum,WA,Passenger,17,11,28,3074,3102,0.9
December 31 2023,Whitman,WA,Truck,7,0,7,8643,8650,0.08
September 30 2022,Stevens,WA,Truck,1,0,1,18870,18871,0.01
February 28 2023,Walla Walla,WA,Truck,3,0,3,13817,13820,0.02
February 28 2022,Jefferson,WA,Passenger,393,203,596,24648,25244,2.36
August 31 2023,Island,WA,Truck,34,0,34,20913,20947,0.16
May 31 2022,Island,WA,Truck,1,0,1,21354,21355,0
November 30 2022,Pend Oreille,WA,Truck,0,0,0,5598,5598,0
December 31 2022,Whatcom,WA,Passenger,2113,806,2919,148574,151493,1.93
August 31 2023,San Juan,WA,Truck,15,0,15,5925,5940,0.25
May 31 2023,Spokane,WA,Passenger,2227,1057,3284,321781,325065,1.01
July 31 2022,Okanogan,WA,Truck,1,0,1,16570,16571,0.01
February 28 2022,Ferry,WA,Passenger,15,3,18,4438,4456,0.4
November 30 2023,Columbia,WA,Passenger,12,0,12,2415,2427,0.49
June 30 2022,Cowlitz,WA,Passenger,335,172,507,70634,71141,0.71
June 30 2022,Skamania,WA,Truck,0,0,0,3962,3962,0
July 31 2022,Kittitas,WA,Passenger,277,86,363,29658,30021,1.21
March 31 2023,King,WA,Truck,567,2,569,176472,177041,0.32
February 28 2023,Grays Harbor,WA,Truck,2,0,2,21024,21026,0.01
September 30 2022,Jefferson,WA,Truck,3,0,3,9372,9375,0.03
March 31 2022,Clark,WA,Truck,2,0,2,83405,83407,0
June 30 2023,Snohomish,WA,Truck,173,0,173,121427,121600,0.14
February 28 2022,Whitman,WA,Truck,0,0,0,8569,8569,0
June 30 2023,Asotin,WA,Truck,0,0,0,6627,6627,0
September 30 2023,Klickitat,WA,Passenger,174,68,242,15101,15343,1.58
March 31 2022,King,WA,Passenger,37895,10698,48593,1349367,1397960,3.48
July 31 2023,Thurston,WA,Passenger,3178,1252,4430,189680,194110,2.28
January 31 2022,Adams,WA,Truck,0,0,0,5434,5434,0
April 30 2022,Kitsap,WA,Truck,1,0,1,53732,53733,0
May 31 2023,Grant,WA,Truck,10,0,10,27987,27997,0.04
February 28 2022,Ferry,WA,Truck,0,0,0,3563,3563,0
March 31 2023,Chelan,WA,Truck,23,0,23,23141,23164,0.1
June 30 2022,King,WA,Passenger,40683,11303,51986,1346272,1398258,3.72
April 30 2023,Spokane,WA,Truck,33,0,33,101506,101539,0.03
January 31 2023,Ferry,WA,Truck,0,0,0,3555,3555,0
July 31 2023,Garfield,WA,Passenger,0,3,3,1297,1300,0.23
June 30 2022,Kittitas,WA,Passenger,265,84,349,29730,30079,1.16
August 31 2022,Whatcom,WA,Passenger,1916,764,2680,148618,151298,1.77
May 31 2022,Clallam,WA,Truck,1,0,1,21929,21930,0
July 31 2023,Lincoln,WA,Truck,0,0,0,4840,4840,0
April 30 2022,Jefferson,WA,Truck,0,0,0,9518,9518,0
August 31 2023,Yakima,WA,Truck,15,0,15,61002,61017,0.02
June 30 2022,Snohomish,WA,Truck,12,0,12,123786,123798,0.01
August 31 2022,King,WA,Truck,204,2,206,179813,180019,0.11
December 31 2023,Benton,WA,Passenger,1396,652,2048,135484,137532,1.49
November 30 2022,Garfield,WA,Passenger,1,3,4,1295,1299,0.31
December 31 2022,Clark,WA,Truck,51,0,51,81781,81832,0.06
October 31 2023,Grays Harbor,WA,Truck,9,0,9,20825,20834,0.04
February 28 2022,Spokane,WA,Truck,0,0,0,102463,102463,0
September 30 2022,Pend Oreille,WA,Truck,0,0,0,5627,5627,0
June 30 2022,Ferry,WA,Truck,0,0,0,3572,3572,0
May 31 2022,Yakima,WA,Truck,0,0,0,61382,61382,0
February 28 2022,Clallam,WA,Truck,1,0,1,22078,22079,0
September 30 2023,Whitman,WA,Passenger,176,86,262,21933,22195,1.18
March 31 2022,Pacific,WA,Passenger,61,68,129,15975,16104,0.8
July 31 2022,Clark,WA,Truck,9,0,9,82441,82450,0.01
December 31 2023,Clallam,WA,Truck,29,0,29,21595,21624,0.13
January 31 2022,Stevens,WA,Passenger,59,47,106,30139,30245,0.35
July 31 2022,Douglas,WA,Passenger,138,60,198,28380,28578,0.69
August 31 2023,Garfield,WA,Truck,0,0,0,965,965,0
September 30 2022,Skagit,WA,Truck,6,0,6,32174,32180,0.02
March 31 2023,Grant,WA,Truck,8,0,8,28055,28063,0.03
October 31 2023,Garfield,WA,Truck,0,0,0,978,978,0
January 31 2022,San Juan,WA,Passenger,482,151,633,14159,14792,4.28
March 31 2023,Kittitas,WA,Passenger,324,94,418,29443,29861,1.4
June 30 2022,Lewis,WA,Truck,0,0,0,26386,26386,0
August 31 2023,Asotin,WA,Passenger,38,23,61,12326,12387,0.49
July 31 2023,Wahkiakum,WA,Passenger,26,17,43,3016,3059,1.41
October 31 2022,Walla Walla,WA,Truck,3,0,3,13932,13935,0.02
April 30 2023,Kittitas,WA,Passenger,328,96,424,29431,29855,1.42
June 30 2023,San Juan,WA,Passenger,616,179,795,13805,14600,5.45
November 30 2022,Island,WA,Passenger,916,392,1308,61127,62435,2.09
September 30 2022,King,WA,Truck,241,2,243,179419,179662,0.14
February 28 2023,Columbia,WA,Truck,0,0,0,1567,1567,0
December 31 2022,Columbia,WA,Truck,0,0,0,1577,1577,0
June 30 2023,Ferry,WA,Passenger,21,4,25,4323,4348,0.57
August 31 2023,King,WA,Passenger,62435,15397,77832,1321282,1399114,5.56
November 30 2022,Wahkiakum,WA,Passenger,25,13,38,3041,3079,1.23
July 31 2023,Yakima,WA,Passenger,516,262,778,165938,166716,0.47
December 31 2023,Skamania,WA,Truck,2,0,2,3833,3835,0.05
December 31 2022,Ferry,WA,Passenger,24,4,28,4331,4359,0.64
June 30 2022,Whitman,WA,Truck,1,0,1,8561,8562,0.01
January 31 2022,King,WA,Passenger,36320,10398,46718,1354565,1401283,3.33
July 31 2023,Stevens,WA,Truck,2,0,2,18668,18670,0.01
September 30 2023,Thurston,WA,Truck,71,0,71,53670,53741,0.13
June 30 2022,Island,WA,Passenger,815,377,1192,61590,62782,1.9
November 30 2022,Douglas,WA,Truck,2,0,2,12794,12796,0.02
November 30 2023,Okanogan,WA,Passenger,152,76,228,26070,26298,0.87
May 31 2022,Wahkiakum,WA,Truck,0,0,0,1804,1804,0
July 31 2023,Wahkiakum,WA,Truck,3,0,3,1775,1778,0.17
March 31 2023,Lincoln,WA,Truck,0,0,0,4837,4837,0
May 31 2022,Snohomish,WA,Passenger,8135,2471,10606,532354,542960,1.95
September 30 2022,Pend Oreille,WA,Passenger,18,12,30,8993,9023,0.33
September 30 2023,Skamania,WA,Truck,1,0,1,3814,3815,0.03
February 28 2022,Thurston,WA,Passenger,1967,990,2957,195464,198421,1.49
June 30 2022,Mason,WA,Truck,1,0,1,21026,21027,0
June 30 2022,Lincoln,WA,Truck,0,0,0,4829,4829,0
October 31 2023,Okanogan,WA,Truck,8,0,8,16340,16348,0.05
March 31 2023,Grays Harbor,WA,Passenger,279,179,458,48409,48867,0.94
October 31 2022,Garfield,WA,Truck,0,0,0,973,973,0
January 31 2023,King,WA,Passenger,49768,12496,62264,1330688,1392952,4.47
June 30 2023,Skagit,WA,Truck,21,0,21,31850,31871,0.07
December 31 2022,Clark,WA,Passenger,4916,2022,6938,314321,321259,2.16
March 31 2023,Skagit,WA,Passenger,1021,383,1404,88983,90387,1.55
September 30 2022,Klickitat,WA,Truck,2,0,2,8254,8256,0.02
April 30 2023,Skamania,WA,Passenger,100,53,153,8070,8223,1.86
June 30 2023,Ferry,WA,Truck,0,0,0,3577,3577,0
November 30 2023,Grant,WA,Truck,13,0,13,28083,28096,0.05
December 31 2022,Douglas,WA,Passenger,168,58,226,28471,28697,0.79
February 28 2023,Garfield,WA,Passenger,1,3,4,1303,1307,0.31
June 30 2022,Clark,WA,Passenger,4091,1779,5870,316159,322029,1.82
November 30 2023,Whitman,WA,Truck,6,0,6,8665,8671,0.07
March 31 2023,Thurston,WA,Truck,52,0,52,54188,54240,0.1
February 28 2022,Grant,WA,Truck,0,0,0,27986,27986,0
August 31 2023,Pacific,WA,Passenger,78,93,171,15564,15735,1.09
October 31 2023,Snohomish,WA,Passenger,15106,3401,18507,526937,545444,3.39
October 31 2022,Columbia,WA,Truck,0,0,0,1576,1576,0
March 31 2023,Snohomish,WA,Passenger,11294,2893,14187,528556,542743,2.61
April 30 2022,Benton,WA,Passenger,713,445,1158,135290,136448,0.85
December 31 2022,Clallam,WA,Truck,8,0,8,21849,21857,0.04
November 30 2023,Adams,WA,Truck,3,0,3,5353,5356,0.06
July 31 2022,Whitman,WA,Truck,2,0,2,8558,8560,0.02
February 28 2023,Snohomish,WA,Truck,121,0,121,122047,122168,0.1
June 30 2022,Island,WA,Truck,4,0,4,21304,21308,0.02
January 31 2023,King,WA,Truck,462,2,464,177725,178189,0.26
October 31 2022,Ferry,WA,Passenger,24,4,28,4371,4399,0.64
April 30 2023,Whatcom,WA,Truck,52,0,52,42778,42830,0.12
August 31 2023,Whatcom,WA,Passenger,2658,934,3592,147878,151470,2.37
July 31 2022,Benton,WA,Truck,3,0,3,43442,43445,0.01
August 31 2022,Okanogan,WA,Truck,1,0,1,16522,16523,0.01
September 30 2022,Chelan,WA,Passenger,494,135,629,54055,54684,1.15
April 30 2022,Mason,WA,Passenger,292,175,467,47450,47917,0.97
June 30 2023,Cowlitz,WA,Truck,9,0,9,28227,28236,0.03
July 31 2023,Lewis,WA,Truck,7,0,7,25955,25962,0.03
November 30 2023,Wahkiakum,WA,Passenger,30,22,52,3043,3095,1.68
February 28 2023,Yakima,WA,Passenger,442,240,682,166035,166717,0.41
October 31 2023,Pacific,WA,Passenger,86,100,186,15506,15692,1.19
